Course	Room	Teacher	Time	Students
14	0	0	0	
7	0	0	0	
17	0	0	0	
6	0	0	0	
12	2	5	1	3 4 14 15 16 34 41 42 53 56 57 58 59 60 70 71 76 82 86 87 90 91 
2	4	6	1	8 15 21 37 38 41 48 50 52 55 56 59 70 72 80 86 92 94 96 
16	8	10	1	1 6 11 20 24 31 32 33 35 42 49 66 73 77 86 91 99 
8	7	2	2	2 4 6 10 24 25 29 30 32 44 45 48 52 54 57 61 69 71 75 76 78 85 92 94 95 96 
15	2	4	2	1 6 10 13 16 18 27 34 38 40 41 51 53 58 61 63 65 68 73 84 94 99 
5	4	9	2	3 7 10 32 38 42 50 53 56 60 62 64 72 75 77 81 82 85 100 
1	8	10	2	5 7 11 15 17 19 21 23 28 30 46 51 68 77 93 97 
18	7	7	3	1 8 20 25 30 34 37 40 44 49 53 61 64 65 67 69 70 74 76 78 86 93 95 99 
3	2	9	3	2 5 18 19 20 26 36 37 39 54 63 64 79 80 83 89 90 91 93 96 100 
11	8	8	3	5 8 12 15 18 22 33 39 43 51 55 57 84 89 90 97 
9	7	7	4	1 3 12 17 19 29 36 42 43 48 52 56 57 59 61 62 74 78 80 89 95 97 100 
10	4	4	4	2 7 13 23 25 26 27 28 40 47 54 65 71 73 81 84 88 94 98 
20	8	1	4	4 9 14 16 20 22 29 32 38 45 47 63 64 65 66 72 
19	2	5	5	8 18 21 24 26 27 31 44 51 58 68 69 71 72 74 77 79 83 88 95 
4	4	2	5	5 11 23 33 34 35 36 37 44 46 49 50 66 74 79 81 85 98 
13	8	3	5	6 12 13 14 17 24 28 39 40 67 78 83 87 
