Course	Room	Teacher	Time	Students
129	2	1	1	8 8 76 76 129 129 138 138 161 161 162 162 164 164 165 165 192 192 199 199 212 212 219 219 228 228 233 233 251 251 274 274 287 287 289 289 293 293 299 299 306 306 335 335 337 337 342 342 363 363 375 375 381 381 385 385 467 467 523 523 535 535 536 536 548 548 549 549 620 620 625 625 701 701 734 734 741 741 746 746 779 779 808 808 814 814 818 818 829 829 892 892 933 933 966 966 1009 1009 1011 1011 1016 1016 1023 1023 1031 1031 1044 1044 1089 1089 1092 1092 1115 1115 1151 1151 1215 1215 1263 1263 1266 1266 1274 1274 1304 1304 1333 1333 1335 1335 1340 1340 1342 1342 1409 1409 1474 1474 1480 1480 1485 1485 1494 1494 1496 1496 1497 1497 1514 1514 1530 1530 
3	1	17	1	1 2 8 36 42 78 119 120 123 129 156 165 170 177 184 210 285 408 423 425 488 507 569 576 692 693 701 742 768 859 891 921 927 977 1042 1109 1203 1260 1284 1305 1472 1582 1676 1691 
66	41	33	1	30 47 55 57 100 113 165 179 285 396 405 425 554 569 629 732 741 762 795 916 944 1080 1085 1089 1219 1221 1238 1267 1290 1471 
159	45	46	1	131 180 189 244 250 301 328 359 582 597 608 866 893 1055 1112 1169 1218 1349 1422 1495 1507 1512 1602 1668 
162	34	15	1	188 208 236 281 379 420 449 480 521 545 682 807 857 864 884 928 933 955 1078 1249 
178	4	64	1	
77	50	76	1	72 195 228 250 275 330 348 447 839 881 901 970 1093 1214 1547 1549 
115	7	87	1	79 110 114 163 169 529 531 751 967 1241 1528 1591 1603 
164	6	97	1	
83	24	102	1	
154	36	109	1	
165	3	125	1	115 189 193 228 691 954 1301 1587 
250	0	0	0	0
288	0	0	0	0
1	0	0	0	0
298	0	0	0	0
254	0	0	0	0
270	0	0	0	0
306	0	0	0	0
120	2	2	2	117 117 162 162 192 192 199 199 219 219 251 251 272 272 273 273 274 274 294 294 298 298 303 303 306 306 307 307 309 309 337 337 338 338 342 342 355 355 364 364 385 385 434 434 442 442 454 454 455 455 467 467 472 472 502 502 506 506 515 515 530 530 534 534 535 535 536 536 547 547 549 549 619 619 653 653 680 680 697 697 710 710 712 712 714 714 720 720 732 732 748 748 811 811 816 816 818 818 819 819 829 829 831 831 990 990 1016 1016 1018 1018 1098 1098 1115 1115 1139 1139 1141 1141 1150 1150 1151 1151 1211 1211 1219 1219 1271 1271 1275 1275 1300 1300 1307 1307 1310 1310 1314 1314 1346 1346 1372 1372 1474 1474 1485 1485 1514 1514 1530 1530 1578 1578 
132	1	18	2	131 135 145 154 168 209 232 258 266 268 311 324 528 531 566 593 594 597 602 659 660 669 672 681 722 787 877 897 903 978 979 988 1102 1108 1117 1169 1259 1282 1299 1391 1392 1492 1557 1592 
152	41	34	2	96 99 169 180 218 409 411 413 487 492 512 672 676 700 707 717 730 767 778 974 1062 1083 1101 1116 1117 1181 1248 1299 1528 1603 
5	45	38	2	3 9 50 60 64 207 390 559 693 779 832 852 1022 1036 1050 1180 1183 1187 1262 1268 1311 1442 1457 
191	34	57	2	101 248 249 366 567 587 638 661 773 869 1088 1184 1293 1338 1442 1443 1543 1572 1577 1584 
179	4	56	2	49 210 253 256 274 282 356 398 467 521 603 605 1048 1078 1249 1273 1284 1421 
125	50	13	2	126 243 273 301 317 415 471 537 613 748 827 902 928 978 1211 1697 
123	7	55	2	32 122 134 147 426 505 511 514 564 808 985 1170 1240 
176	6	67	2	208 343 347 358 959 1010 1095 1145 1254 1344 1436 1489 
87	24	110	2	
155	36	117	2	
189	3	21	2	242 245 351 560 861 964 1090 1577 
263	0	0	0	0
290	0	0	0	0
41	0	0	0	0
299	0	0	0	0
256	0	0	0	0
271	0	0	0	0
149	1	19	3	131 167 193 212 231 235 241 249 259 263 271 280 291 330 334 357 373 384 434 475 549 585 604 606 616 671 814 936 974 1031 1081 1117 1139 1148 1243 1251 1253 1342 1480 1494 1517 1525 
4	41	35	3	3 205 242 292 309 329 334 371 373 386 403 468 527 709 750 784 855 936 1010 1148 1162 1266 1269 1332 1334 1338 1341 1345 1432 
14	45	47	3	10 14 18 19 38 92 193 423 490 556 631 634 644 692 794 915 1032 1164 1167 1170 1177 1250 1569 
58	34	58	3	51 80 174 182 245 369 381 602 655 784 861 969 1003 1094 1399 1477 1520 1583 1633 
195	4	56	3	257 262 320 414 438 440 588 807 855 857 968 987 1046 1048 1081 1239 1304 1439 
213	50	60	3	
177	7	56	3	
233	6	72	3	
117	24	111	3	115 278 296 314 344 518 842 846 1028 1354 
163	36	59	3	189 199 233 341 369 668 725 1121 1577 
194	3	39	3	
285	0	0	0	0
54	0	0	0	0
79	0	0	0	0
25	0	0	0	0
266	0	0	0	0
277	0	0	0	0
2	2	3	4	1 1 2 2 70 70 100 100 104 104 120 120 121 125 125 131 131 134 134 142 142 171 171 210 210 217 217 272 272 282 282 310 310 395 395 416 416 425 425 426 426 437 437 442 442 515 515 524 524 547 547 576 576 656 656 803 803 834 834 862 862 874 874 891 891 922 922 929 929 932 932 1047 1047 1085 1085 1221 1221 1238 1238 1264 1264 1267 1267 1499 1499 1613 1613 1625 1625 
65	1	20	4	46 57 199 233 251 298 340 341 349 382 385 439 443 447 454 573 616 713 799 816 871 1014 1020 1061 1084 1095 1139 1197 1208 1212 1299 1308 1314 1429 1431 1461 1495 1497 1523 1577 1585 
51	41	9	4	43 108 191 226 360 371 434 504 527 624 686 703 772 973 987 1071 1110 1180 1251 1252 1258 1265 1385 1433 1434 1440 1518 1587 1613 
31	45	48	4	28 147 161 285 398 444 464 554 584 693 731 780 805 806 811 915 985 1092 1204 1230 1263 1365 1407 
80	34	16	4	74 106 136 276 318 418 458 655 663 767 942 984 1045 1104 1387 1420 1450 1608 1641 
223	4	15	4	55 57 152 241 276 418 432 644 700 877 885 1219 1463 1474 1573 1590 1597 1641 
107	50	25	4	
188	7	87	4	
7	6	39	4	
118	24	51	4	117 177 178 220 453 793 796 851 1216 1245 
201	36	118	4	
196	3	126	4	
47	0	0	0	0
59	0	0	0	0
91	0	0	0	0
44	0	0	0	0
268	0	0	0	0
281	0	0	0	0
29	2	4	5	22 28 36 47 60 104 117 142 182 184 223 225 232 243 284 301 302 321 329 358 363 370 375 429 445 468 520 584 585 605 614 622 633 662 700 706 709 710 747 819 827 831 840 849 856 862 863 869 887 888 889 896 900 906 938 956 980 1003 1006 1008 1018 1090 1104 1119 1125 1156 1159 1160 1173 1178 1265 1279 1307 1308 1319 1403 1454 1460 1471 1525 1643 
27	1	21	5	26 38 39 43 63 119 216 364 403 433 489 579 601 698 762 768 943 945 948 949 992 1024 1038 1049 1051 1060 1103 1184 1188 1222 1258 1380 1384 1465 1560 1642 1644 1654 1662 1688 
53	41	36	5	
73	45	49	5	69 153 214 316 574 628 636 654 670 694 730 757 758 986 1027 1121 1220 1235 1277 1371 1449 1464 1669 
97	34	5	5	
34	4	65	5	
137	50	43	5	
230	7	88	5	
11	6	98	5	7 15 42 52 54 75 94 488 493 554 1546 
147	24	79	5	
204	36	91	5	152 301 525 624 1078 1082 1141 1412 1521 
203	3	99	5	290 365 366 452 567 1218 1398 1427 
75	0	0	0	0
98	0	0	0	0
95	0	0	0	0
108	0	0	0	0
272	0	0	0	0
291	0	0	0	0
127	2	5	6	128 145 189 216 233 244 271 275 297 300 304 310 315 319 339 340 349 352 354 357 366 368 376 398 455 461 495 505 526 550 571 626 641 643 664 666 677 703 755 807 813 883 894 898 967 970 971 978 990 1012 1014 1017 1047 1065 1087 1115 1116 1121 1153 1175 1252 1313 1326 1327 1330 1335 1342 1348 1349 1424 1495 1511 1522 1532 1544 1586 1613 1622 1655 
193	1	22	6	8 8 213 213 251 251 284 284 304 304 312 312 349 349 363 363 368 368 374 374 455 455 457 457 596 596 678 678 830 830 832 832 1124 1124 1308 1308 1331 1331 1336 1336 
92	41	28	6	86 169 186 245 269 312 332 333 335 344 379 383 427 465 472 534 687 801 835 879 989 1016 1062 1093 1244 1303 1312 1446 1491 
78	45	50	6	73 134 146 430 537 650 661 695 696 765 803 808 858 866 960 1296 1396 1409 1459 1488 1540 1573 1583 
100	34	59	6	
42	4	66	6	34 292 389 482 633 642 716 760 909 910 923 1073 1163 1201 1293 1651 1695 
183	50	77	6	
234	7	89	6	25 54 75 138 426 477 483 498 505 511 514 520 1415 
18	6	99	6	16 56 218 503 701 885 1128 1261 1320 1343 1359 
157	24	112	6	154 172 176 290 389 565 661 1293 1372 1573 
243	36	119	6	
208	3	127	6	
101	0	0	0	0
156	0	0	0	0
133	0	0	0	0
122	0	0	0	0
274	0	0	0	0
293	0	0	0	0
55	2	6	7	3 49 115 134 166 194 217 218 247 258 306 334 360 364 436 442 468 475 539 548 555 597 618 674 676 687 689 691 709 713 715 735 739 746 804 815 817 832 833 835 836 867 879 887 901 932 1011 1123 1139 1142 1145 1149 1211 1257 1261 1265 1269 1274 1311 1312 1334 1339 1340 1343 1348 1350 1520 1553 1621 
28	1	20	7	27 79 96 110 124 130 137 145 158 175 263 279 280 487 512 531 599 639 651 657 717 764 918 961 989 1035 1062 1068 1084 1101 1195 1241 1375 1534 1591 1675 
207	41	37	7	
103	45	7	7	106 253 276 321 521 581 663 718 833 1029 1043 1060 1066 1091 1104 1287 1399 1400 1432 1486 1513 1641 1692 
114	34	11	7	114 294 307 313 331 371 383 614 804 960 971 1125 1149 1205 1343 1418 1509 1526 1592 
62	4	67	7	54 62 68 82 144 484 491 568 577 630 637 646 941 1023 1170 1367 1406 
184	50	78	7	102 170 222 280 474 675 679 748 749 752 861 952 965 1120 1172 
267	7	42	7	240 743 838 844 993 1076 1240 1275 1289 1300 1315 1357 1629 
45	6	100	7	37 308 364 407 725 830 876 900 928 1255 1374 
166	24	71	7	194 388 782 890 1046 1116 1396 1497 1561 1593 
248	36	120	7	570 737 1069 1107 1181 1202 1280 1689 1690 
252	3	128	7	191 204 237 332 602 809 903 1348 
110	0	0	0	0
169	0	0	0	0
161	0	0	0	0
134	0	0	0	0
286	0	0	0	0
197	0	0	0	0
174	2	7	8	165 203 240 299 303 305 320 322 328 353 359 361 362 372 374 377 380 439 456 467 473 534 536 548 586 607 611 614 620 679 715 727 755 818 841 843 868 871 881 892 893 901 903 929 966 1011 1042 1113 1126 1135 1141 1257 1259 1332 1336 1339 1410 1438 1515 1516 1523 1530 1551 1601 1620 
16	1	23	8	12 21 23 33 46 53 63 65 67 90 190 396 401 402 403 404 410 481 561 635 718 719 733 762 763 776 798 916 1028 1172 1184 1188 1382 1440 1538 
76	41	38	8	21 71 72 84 105 256 260 284 340 718 776 790 800 910 931 1005 1112 1147 1217 1373 1413 1441 1458 1462 1463 1523 1546 1629 
181	45	33	8	161 215 298 317 323 551 608 731 909 947 985 1000 1073 1092 1121 1277 1334 1341 1353 1395 1517 1524 1634 
116	34	60	8	
89	4	68	8	84 192 311 347 387 495 509 587 598 599 658 672 824 1301 1354 1452 1678 
211	50	79	8	220 271 279 349 352 598 690 812 864 883 971 973 1181 1215 1295 
279	7	90	8	
68	6	101	8	11 59 443 445 473 792 804 829 1002 1096 1099 
172	24	113	8	
253	36	45	8	153 623 648 911 1132 1183 1369 1443 1573 
260	3	129	8	72 683 1131 1214 1278 1559 1664 1666 
145	0	0	0	0
171	0	0	0	0
220	0	0	0	0
138	0	0	0	0
296	0	0	0	0
202	0	0	0	0
90	2	8	9	9 23 56 84 114 132 153 173 200 227 248 258 294 339 351 388 401 474 572 589 670 671 722 752 785 794 885 890 936 997 999 1063 1091 1100 1116 1118 1143 1146 1182 1192 1205 1236 1262 1296 1297 1421 1431 1446 1482 1519 1524 1541 1554 1574 1591 1595 1607 1668 1693 
168	1	24	9	128 197 213 236 295 314 315 342 518 532 574 617 620 670 679 748 766 814 815 826 863 870 910 934 946 1202 1252 1263 1333 1346 1358 1411 1535 1600 1694 
93	41	39	9	21 87 105 107 264 267 331 368 378 382 435 559 575 689 730 992 996 1016 1028 1047 1079 1082 1329 1456 1526 1539 1652 1665 
210	45	51	9	
209	34	60	9	218 229 342 354 365 378 441 451 519 526 592 713 726 1014 1015 1241 1306 1402 1562 
99	4	65	9	100 171 422 425 569 697 757 770 916 940 943 1049 1188 1221 1238 1394 1613 
236	50	29	9	279 395 479 699 812 854 878 883 938 1202 1285 1389 1390 1393 1426 
287	7	91	9	262 362 367 377 378 379 550 597 619 904 974 1117 1498 
94	6	102	9	89 249 613 744 828 905 1525 1529 1538 1630 1658 
185	24	114	9	224 299 350 456 516 591 710 734 802 836 
261	36	79	9	
50	3	97	9	6 40 61 173 1169 1194 1639 
186	0	0	0	0
190	0	0	0	0
221	0	0	0	0
153	0	0	0	0
303	0	0	0	0
224	0	0	0	0
124	2	9	10	124 141 163 200 225 259 300 326 329 341 343 351 353 359 361 370 384 387 443 456 460 525 541 544 550 600 603 609 660 667 754 802 820 830 845 1012 1021 1142 1153 1155 1157 1174 1239 1273 1291 1298 1303 1386 1400 1407 1435 1481 1514 1529 1532 1565 1628 1635 
17	1	25	10	14 74 93 103 108 222 229 232 415 447 456 471 499 541 543 628 638 665 686 708 716 766 819 853 923 1080 1092 1151 1166 1231 1447 1560 1570 1579 
182	41	4	10	145 216 217 281 293 319 357 489 564 601 684 686 813 887 895 903 1089 1190 1302 1436 1450 1454 1467 1480 1504 1619 1647 1696 
6	45	52	10	4 143 244 270 377 386 462 715 771 858 907 1012 1035 1313 1317 1325 1495 1505 1592 1602 1637 1651 
217	34	44	10	48 640 773 774 788 789 914 919 1030 1075 1185 1360 1385 1454 1571 1572 1668 1670 1672 
112	4	69	10	
63	50	80	10	
35	7	34	10	29 68 83 106 208 223 235 316 504 655 1489 1586 
105	6	103	10	108 174 235 739 766 853 890 962 1182 1247 1432 
214	24	62	10	372 381 706 738 830 993 1077 1500 1658 1683 
269	36	58	10	
86	3	112	10	
206	0	0	0	0
219	0	0	0	0
235	0	0	0	0
167	0	0	0	0
109	0	0	0	0
273	0	0	0	0
48	2	10	11	15 38 58 64 93 111 112 157 171 176 187 206 256 259 260 277 283 365 402 431 433 452 530 546 644 696 697 723 729 747 935 969 1007 1038 1096 1137 1142 1212 1224 1268 1271 1272 1275 1283 1337 1368 1371 1383 1388 1401 1434 1465 1484 1486 1610 
96	1	26	11	91 143 154 166 239 240 252 258 259 268 270 411 573 580 653 668 791 809 879 927 937 991 1017 1172 1246 1259 1298 1372 1412 1545 1551 1563 1604 
175	41	40	11	
74	45	53	11	8 70 123 164 185 217 228 289 428 523 533 673 701 746 768 814 856 892 922 953 1115 1552 
225	34	61	11	
142	4	70	11	27 148 150 223 312 406 421 483 513 572 639 958 1018 1205 1255 1462 1626 
71	50	81	11	5 23 67 152 157 162 431 489 495 578 601 1025 1041 1465 
37	7	92	11	
119	6	104	11	117 124 160 177 178 453 793 796 851 1216 1245 
276	24	52	11	
292	36	54	11	
104	0	0	0	0
215	0	0	0	0
227	0	0	0	0
242	0	0	0	0
200	0	0	0	0
151	0	0	0	0
284	0	0	0	0
30	2	11	12	28 141 147 201 204 226 246 273 299 330 336 341 356 367 369 371 375 383 408 411 420 435 448 449 471 493 496 502 534 547 603 604 616 618 647 678 702 710 740 816 828 867 936 1044 1140 1149 1151 1215 1431 1460 1485 1537 1586 
187	1	27	12	126 238 291 334 340 343 347 391 449 470 476 501 514 704 740 753 755 859 1013 1034 1154 1158 1207 1269 1348 1352 1416 1438 1494 1498 1523 1648 1702 
84	41	41	12	77 84 133 195 206 254 296 306 330 336 356 376 427 537 575 630 735 886 905 1048 1081 1125 1148 1189 1193 1605 
131	45	19	12	3 130 191 203 237 276 287 335 338 496 502 712 810 816 829 919 1138 1141 1239 1602 1640 1663 
232	34	10	12	384 471 535 537 604 613 616 736 765 828 833 950 1009 1146 1152 1207 1222 1325 1409 
199	4	67	12	267 336 362 366 370 380 386 474 545 600 620 687 886 1014 1311 1527 1567 
135	50	68	12	132 226 333 358 612 618 880 972 1122 1243 1264 1310 1575 1603 
60	7	93	12	51 255 438 532 573 998 1345 1466 1501 1512 1621 1686 
136	6	105	12	103 133 187 254 414 721 855 959 962 1048 1437 
19	24	40	12	
15	36	121	12	
121	0	0	0	0
239	0	0	0	0
229	0	0	0	0
246	0	0	0	0
216	0	0	0	0
170	0	0	0	0
295	0	0	0	0
143	2	12	13	149 167 176 225 247 248 255 262 263 343 346 367 370 387 413 435 454 469 474 545 547 596 615 667 668 677 712 721 736 813 822 834 882 913 1019 1113 1122 1189 1253 1274 1331 1351 1357 1418 1436 1453 1501 1516 1519 1646 
72	1	28	13	68 77 80 83 129 172 207 208 222 235 236 246 256 288 388 589 590 706 861 880 890 928 952 962 965 969 1095 1099 1247 1268 1294 1607 
57	41	42	13	20 49 50 112 113 126 206 297 374 406 429 538 671 752 864 1088 1124 1164 1213 1237 1243 1246 1261 1464 1479 
36	45	54	13	
10	34	62	13	
258	4	71	13	179 588 604 652 659 769 833 865 1046 1057 1071 1361 1439 1453 1468 1475 1541 
160	50	82	13	
69	7	94	13	59 253 272 455 581 671 684 918 1042 1395 1496 1607 
173	6	106	13	202 313 396 499 526 542 1019 1220 1306 1342 1376 
21	24	115	13	
56	36	122	13	49 206 269 283 530 649 791 992 
144	0	0	0	0
249	0	0	0	0
231	0	0	0	0
251	0	0	0	0
226	0	0	0	0
198	0	0	0	0
297	0	0	0	0
126	2	13	14	127 175 197 211 280 304 328 338 346 354 357 382 469 508 565 602 615 619 688 689 734 792 837 854 882 920 938 949 1015 1017 1047 1088 1097 1105 1186 1213 1225 1246 1307 1347 1349 1394 1428 1529 1581 1582 1594 1627 1645 
140	1	29	14	92 141 144 237 259 326 327 450 509 510 583 600 667 745 760 774 790 802 919 927 958 963 975 976 999 1130 1174 1199 1291 1428 1627 1638 
88	41	43	14	82 100 192 212 219 285 287 404 523 533 656 779 781 871 892 933 1089 1114 1120 1266 1316 1472 1494 1497 1588 
158	45	51	14	176 234 237 255 261 275 290 292 377 519 545 567 640 716 881 927 1107 1292 1385 1519 1584 
32	34	63	14	4 29 130 288 316 337 350 434 457 504 538 655 657 825 1006 1210 1213 1223 
9	4	72	14	5 13 43 45 49 140 277 403 481 489 561 733 791 1248 1475 1684 
222	50	83	14	413 472 654 680 705 745 750 872 995 1114 1242 1293 1558 1671 
111	7	95	14	112 150 152 226 229 557 925 995 1182 1377 1508 1615 
22	6	107	14	20 24 27 136 214 500 504 624 694 1187 
46	24	38	14	37 140 1137 1254 1267 1312 1417 1436 1629 
64	36	123	14	57 613 658 662 898 1453 1568 1606 
180	0	0	0	0
259	0	0	0	0
241	0	0	0	0
264	0	0	0	0
228	0	0	0	0
240	0	0	0	0
300	0	0	0	0
205	2	14	15	30 125 204 270 297 303 307 344 346 356 384 385 473 549 596 614 618 734 816 835 902 916 1009 1010 1017 1083 1113 1145 1146 1147 1149 1152 1249 1259 1274 1308 1335 1339 1344 1435 1498 1516 1530 1602 1614 1616 
8	1	30	15	5 12 30 33 45 53 64 65 185 269 401 417 446 451 561 576 578 592 763 798 902 908 921 930 1039 1070 1448 1457 1538 1566 1673 
24	41	20	15	22 35 36 47 58 70 81 94 104 142 179 184 398 405 416 584 629 747 849 862 1026 1085 1221 1260 
192	45	7	15	250 275 325 345 348 466 511 682 703 756 821 904 1055 1059 1093 1126 1133 1208 1362 1599 1631 
38	34	15	15	31 166 264 288 289 295 315 453 522 587 590 612 705 756 834 968 1309 1561 
13	4	73	15	9 67 89 116 721 744 1043 1053 1064 1098 1194 1214 1249 1555 1586 1596 
275	50	84	15	92 418 760 774 790 872 919 958 963 975 976 1054 1130 1518 
113	7	96	15	113 146 560 633 756 801 1076 1206 1548 1624 1632 1656 
33	6	108	15	29 994 1022 1086 1210 1270 1300 1478 1660 1701 
52	24	78	15	
67	36	124	15	58 161 183 690 739 1171 1267 1576 
212	0	0	0	0
265	0	0	0	0
255	0	0	0	0
278	0	0	0	0
237	0	0	0	0
247	0	0	0	0
301	0	0	0	0
23	2	15	16	15 22 90 101 111 170 229 254 260 283 321 373 379 405 431 481 486 492 513 605 649 696 715 723 741 757 768 849 857 872 930 992 1067 1112 1142 1306 1312 1318 1322 1339 1382 1475 1574 1649 1651 
20	1	31	16	17 22 34 48 64 71 109 111 120 163 171 292 402 407 445 628 652 771 891 1039 1173 1176 1201 1232 1240 1378 1379 1408 1563 1636 1698 
26	41	44	16	
12	45	55	16	
102	34	32	16	106 298 401 728 869 870 971 1011 1015 1098 1263 1268 1309 1332 1333 1485 1524 1535 
40	4	74	16	32 91 96 409 412 627 639 651 771 778 918 1029 1035 1068 1195 1444 
61	50	85	16	51 79 151 665 848 1075 1134 1210 1345 1401 1477 1506 1593 
146	7	59	16	6 20 61 73 159 265 478 563 1001 1201 1623 1639 
39	6	109	16	32 79 91 99 169 175 506 512 1056 1687 
85	24	116	16	
81	36	106	16	74 78 262 418 855 959 987 1568 
218	0	0	0	0
280	0	0	0	0
289	0	0	0	0
283	0	0	0	0
238	0	0	0	0
257	0	0	0	0
302	0	0	0	0
150	2	16	17	119 156 167 231 257 273 290 291 293 309 391 394 406 419 468 517 555 588 702 714 717 732 795 832 849 921 922 932 964 972 1024 1145 1180 1237 1243 1260 1340 1360 1405 1419 1472 1493 1514 1517 1612 
49	1	32	17	40 62 128 139 397 409 494 518 571 641 657 673 676 724 870 983 1052 1094 1106 1166 1181 1191 1200 1206 1234 1281 1302 1399 1447 1490 1681 
130	41	45	17	77 129 146 249 257 446 555 588 663 722 828 944 968 1186 1189 1193 1217 1304 1457 1465 1484 1488 1568 1677 
106	45	56	17	109 160 336 347 352 441 542 612 621 740 817 904 986 1013 1242 1252 1324 1472 1476 1531 
128	34	17	17	
70	4	75	17	60 135 149 390 562 631 930 979 1030 1228 1270 1286 1288 1289 1315 1473 
82	50	86	17	76 424 483 485 625 806 929 939 1031 1074 1082 1175 1203 
148	7	61	17	164 252 360 610 682 783 883 884 1208 1325 1327 1483 
43	6	27	17	4 35 582 661 744 852 926 1256 1482 1682 
141	24	96	17	146 154 519 642 1073 1077 1218 1288 1471 
139	36	39	17	
244	0	0	0	0
282	0	0	0	0
304	0	0	0	0
294	0	0	0	0
245	0	0	0	0
262	0	0	0	0
305	0	0	0	0
