Course	Room	Teacher	Time	Students
1	0	0	0	
23	4	2	1	15 18 22 23 24 25 29 32 33 40 41 43 44 48 51 52 56 63 68 76 84 86 107 108 111 113 114 119 120 128 133 144 146 149 156 161 163 173 177 
6	1	1	1	1 6 8 21 22 23 31 32 34 51 58 61 62 69 82 84 86 91 93 94 96 97 107 109 118 119 130 144 149 157 178 
4	3	3	1	2 4 32 39 41 50 52 56 60 61 64 66 80 83 96 98 105 113 124 130 134 149 152 157 159 167 174 176 
20	2	9	1	2 18 31 58 74 75 85 88 100 102 106 115 130 131 134 137 139 140 144 147 156 171 172 175 178 
18	4	9	2	4 10 15 24 26 29 47 51 54 60 62 70 71 72 77 83 84 87 90 92 95 96 100 105 110 113 120 123 140 145 146 148 156 159 166 167 176 
15	1	4	2	12 14 27 28 32 36 69 71 73 80 81 83 90 92 93 101 104 109 110 111 114 118 127 131 133 136 137 154 155 166 176 
7	3	12	2	3 6 13 26 35 39 40 47 49 66 75 98 102 107 113 116 118 121 122 123 124 126 157 160 162 165 166 173 
9	2	11	2	12 18 20 21 22 24 27 36 37 46 53 67 78 82 88 97 99 104 112 119 145 163 165 170 
8	1	6	3	2 8 11 14 15 16 19 24 30 63 65 69 70 80 81 91 94 95 98 103 111 112 129 141 143 150 151 154 164 168 
11	3	10	3	5 8 19 33 47 49 50 53 56 59 79 87 89 100 106 116 117 127 134 138 143 145 147 151 160 174 177 178 
2	2	8	3	4 7 10 13 14 35 52 57 62 79 94 99 114 116 136 139 144 148 150 160 167 169 
14	4	6	4	10 21 28 37 41 43 45 47 53 57 63 67 78 88 94 95 108 109 111 115 121 123 125 130 132 133 136 140 142 155 167 168 169 
13	1	8	4	8 16 17 20 44 53 54 55 69 71 72 78 80 89 99 105 108 117 120 122 126 128 135 137 152 153 158 165 172 175 
22	3	7	4	7 9 35 38 43 44 46 61 65 68 81 83 85 86 97 114 126 129 131 132 133 150 152 156 158 163 169 177 
17	4	2	5	3 5 13 22 25 33 34 38 41 46 48 52 56 74 82 88 91 93 101 102 106 110 122 125 127 128 152 155 159 161 170 172 175 
3	1	1	5	7 9 11 20 30 33 35 36 39 40 42 48 54 55 75 96 99 108 109 115 116 121 153 161 162 164 168 171 175 
10	3	5	5	9 11 13 16 19 23 25 30 42 45 50 57 63 67 70 74 87 92 105 123 151 155 158 161 169 170 174 
21	4	12	6	5 25 38 39 43 49 57 62 66 68 73 75 76 79 81 97 98 104 107 119 121 132 140 143 145 147 149 151 158 160 170 171 173 
5	1	7	6	7 11 17 26 27 28 36 46 48 51 55 59 60 64 66 72 77 92 103 127 139 146 147 154 157 159 168 172 177 
24	3	5	6	3 9 14 18 28 42 49 58 61 72 74 76 78 87 90 100 101 103 124 128 129 134 135 138 142 173 178 
12	4	11	7	1 3 12 19 20 21 26 29 38 40 44 45 59 64 70 73 77 79 82 85 86 112 117 122 125 129 131 135 141 148 162 164 
19	1	4	7	1 4 6 15 16 27 29 34 54 58 64 85 89 90 91 93 103 104 112 120 136 138 143 146 150 153 164 171 176 
16	3	3	7	1 6 12 17 30 31 37 42 50 65 67 73 84 95 110 117 124 138 139 141 142 153 154 163 166 174 
