Course	Room	Teacher	Time	Students
10	4	10	1	1 2 3 14 18 22 29 31 36 37 38 40 41 44 46 47 53 58 59 60 61 64 65 72 73 79 80 81 82 85 86 90 96 100 
11	3	3	1	4 7 13 17 19 23 28 37 46 47 48 56 64 69 70 77 85 89 90 96 97 98 
1	10	6	1	18 20 25 30 38 45 49 52 56 58 59 63 64 69 71 77 80 88 93 
5	9	5	1	3 4 6 8 17 34 63 69 71 73 74 78 84 95 97 99 
13	4	6	2	3 7 9 11 12 15 21 22 33 35 36 39 55 57 68 72 73 77 79 81 84 85 88 92 96 
17	3	3	2	6 8 15 18 22 27 28 31 35 42 43 50 60 62 66 69 76 81 88 92 94 100 
4	10	4	2	1 16 17 20 26 32 50 52 55 60 61 63 65 66 71 72 74 79 83 
6	9	2	2	9 12 15 21 23 24 26 31 54 61 65 66 78 83 93 95 
9	4	7	3	1 7 11 16 19 20 22 25 27 29 32 39 44 47 48 49 67 75 76 77 83 87 90 91 
3	3	5	3	4 7 19 21 34 38 40 41 42 43 48 58 62 63 79 84 86 89 94 98 
8	10	1	3	5 9 10 11 14 19 20 25 27 31 37 49 50 53 54 59 61 67 86 
7	9	4	3	2 4 10 15 27 29 33 39 51 56 57 75 80 86 88 89 
19	4	8	4	2 6 10 12 23 24 26 30 34 41 42 43 47 49 53 55 60 67 71 74 76 85 87 95 
12	3	7	4	8 10 12 14 16 24 25 26 36 38 42 46 51 54 57 58 68 70 80 97 
15	10	1	4	5 16 17 21 32 35 36 44 45 51 57 62 81 84 92 95 98 
18	9	9	4	5 9 23 28 33 34 40 44 48 52 59 75 82 87 92 99 
14	4	10	5	1 2 3 6 13 32 33 41 45 46 54 67 68 73 75 78 91 93 94 96 97 98 99 
20	3	2	5	13 14 18 24 28 29 30 52 53 55 56 65 66 70 74 76 82 87 91 93 
16	10	8	5	5 13 30 35 39 40 45 51 64 68 78 82 83 89 91 94 100 
2	9	9	5	8 11 37 43 50 62 70 72 90 99 100 
