Course	Room	Teacher	Time	Students
48	0	0	0	
21	27	19	1	13 199 216 255 336 403 410 413 417 443 451 455 456 483 489 492 495 498 512 514 518 519 520 521 522 530 534 546 548 549 552 556 569 572 573 576 580 581 584 588 590 601 606 607 609 612 614 615 617 625 626 627 628 629 632 634 637 638 639 641 644 646 647 655 660 663 664 666 668 669 674 675 681 683 685 689 692 694 698 
206	40	49	1	373 438 536 567 569 719 744 763 772 808 823 887 916 966 990 1035 
176	7	127	1	200 554 582 713 764 844 917 931 1037 
82	28	67	1	49 101 322 491 
132	27	100	2	108 264 407 410 435 537 548 551 557 577 629 638 657 658 669 673 712 720 722 751 755 756 759 761 768 773 780 793 798 811 813 823 827 829 830 840 844 845 846 847 850 855 856 857 867 873 876 877 880 890 895 898 901 907 910 917 922 923 927 934 937 940 955 956 962 970 996 1006 1009 1010 1014 1016 1021 1023 1032 1039 1042 1048 1049 
4	40	4	2	3 80 145 245 260 287 353 537 777 802 821 961 991 1040 1041 
35	7	21	2	20 128 135 208 221 228 269 283 
103	28	0	2	70 478 739 1017 
189	27	138	3	273 383 477 543 578 579 580 632 634 635 659 660 661 688 719 753 755 780 783 797 823 826 834 836 841 842 855 856 859 862 869 883 885 888 894 897 904 912 913 914 919 920 921 924 925 935 938 941 943 945 948 960 963 968 974 977 978 983 986 989 993 1005 1006 1014 1035 1053 
50	40	42	3	29 127 143 166 242 275 299 305 343 362 374 423 480 575 642 
41	7	33	3	23 302 502 518 569 607 633 649 
134	28	101	3	109 155 947 971 
57	27	49	4	34 291 299 336 391 403 406 457 459 463 473 520 537 549 551 552 571 577 580 590 594 619 626 631 641 648 651 697 700 709 731 757 779 783 797 803 815 822 825 829 831 842 845 862 875 882 885 891 894 905 912 919 920 924 926 937 952 954 964 968 983 997 1005 
56	40	48	4	33 55 57 92 134 147 175 187 211 309 351 625 985 999 1053 
54	7	46	4	31 38 207 210 239 340 378 591 
146	28	112	4	124 165 170 178 
204	27	50	5	369 407 457 483 517 530 532 575 610 622 624 642 657 658 668 669 673 686 731 756 761 765 773 779 780 783 788 793 801 821 824 829 847 850 861 867 873 877 880 881 890 893 895 899 906 910 912 918 923 926 930 934 936 946 950 962 967 973 1010 1017 1034 1042 1051 
71	40	16	5	43 57 101 169 208 267 284 363 408 451 506 537 679 880 1055 
73	7	26	5	44 335 396 527 538 751 893 1003 
148	28	111	5	132 596 852 927 
7	27	7	6	5 114 165 336 435 478 499 512 514 529 547 555 564 574 582 584 593 604 623 636 640 664 672 691 699 706 709 714 728 742 752 755 762 779 788 822 824 838 848 850 889 903 909 930 940 946 949 950 969 980 983 987 994 996 1006 1009 1016 1027 1034 1042 
33	40	30	6	19 413 561 597 606 607 649 659 725 732 745 851 874 880 
75	7	5	6	46 216 401 595 647 821 887 1035 
173	28	129	6	188 470 484 674 
39	27	32	7	23 407 419 513 529 565 622 624 658 659 660 672 681 728 737 740 753 765 773 812 813 820 825 826 830 831 832 838 843 851 855 856 860 862 871 875 879 884 887 891 894 897 905 913 916 920 923 932 949 953 956 957 965 967 968 990 1012 1023 1051 
64	40	55	7	37 71 160 279 423 439 506 521 638 652 763 786 858 1026 
76	7	61	7	46 69 75 135 413 422 827 938 
195	28	141	7	290 323 328 1021 
193	27	53	8	277 284 360 367 403 404 450 460 469 481 485 497 498 548 559 568 585 590 624 637 646 650 670 707 710 714 747 774 776 819 820 832 852 878 888 909 926 930 942 945 961 973 976 982 992 995 997 1004 1013 1020 1027 1031 
92	40	74	8	62 158 172 183 195 262 337 345 358 364 412 524 734 1008 
84	7	51	8	51 91 376 394 615 802 846 937 
209	28	136	8	400 622 694 1045 
43	27	35	9	25 30 39 58 68 126 127 143 193 228 242 249 266 281 303 324 388 410 433 434 457 465 471 474 478 496 497 500 536 555 575 576 616 623 668 709 716 735 761 788 840 842 872 882 918 944 952 981 1008 1027 
98	40	78	9	66 149 196 218 314 502 569 698 716 723 809 872 921 985 
113	7	37	9	82 92 167 204 261 332 415 419 
216	28	39	9	497 527 768 961 
79	27	64	10	47 112 138 143 148 178 193 242 284 360 434 440 445 471 479 509 524 550 555 564 593 603 617 623 625 636 701 712 728 754 763 775 785 796 800 819 862 876 939 981 994 999 1000 1007 1036 1054 
125	40	95	10	96 163 219 493 549 584 598 667 687 758 777 800 959 1017 
133	7	18	10	109 204 332 335 388 605 614 703 
58	28	50	10	35 70 184 
107	27	83	11	73 232 275 300 337 350 352 371 417 445 461 503 547 558 566 658 699 746 754 794 795 814 819 833 848 855 856 859 866 883 888 935 944 972 980 984 989 1001 1010 1018 1022 1024 1028 1030 1039 1049 
141	40	107	11	117 139 179 192 234 238 374 383 398 409 454 500 501 1052 
139	7	0	11	116 119 263 369 448 456 488 741 
65	28	27	11	38 186 241 
61	27	53	12	36 46 104 121 122 420 535 536 565 579 609 611 639 643 652 661 680 693 771 778 807 808 825 826 863 871 886 925 929 931 944 954 971 972 993 1001 1005 1012 1022 1026 1037 1050 1053 
152	40	88	12	140 416 456 477 609 620 630 654 665 667 668 724 818 843 
180	7	95	12	227 262 337 517 597 620 676 719 
70	28	15	12	43 154 166 
62	27	54	13	37 255 347 386 432 474 496 512 534 634 644 657 684 693 758 769 775 781 804 821 828 832 847 853 863 869 874 911 913 915 928 943 946 948 951 955 957 962 1014 1025 1032 1054 
200	40	143	13	322 358 396 397 439 454 480 504 540 568 613 744 812 916 
185	7	136	13	254 299 444 511 553 563 578 959 
90	28	72	13	60 83 198 
95	27	56	14	64 153 199 235 244 477 508 527 543 545 556 584 598 627 654 683 696 716 748 770 801 811 833 847 857 861 867 875 932 938 944 955 974 979 994 998 1000 1008 1041 1050 
11	40	11	14	7 32 107 144 162 173 252 318 329 458 651 684 1016 
194	7	140	14	285 636 863 892 974 976 1002 1011 
97	28	77	14	66 209 436 
23	27	21	15	14 15 20 42 81 96 128 188 242 264 269 271 283 299 303 305 313 321 331 343 371 385 398 422 434 437 465 471 480 499 507 526 555 651 672 700 752 788 817 
31	40	28	15	17 110 239 298 307 344 532 542 589 677 703 727 953 
210	7	31	15	408 409 473 524 603 630 635 687 
105	28	20	15	71 219 381 
8	27	8	16	5 42 77 78 93 117 205 226 277 336 423 429 446 583 677 680 688 701 835 844 858 860 864 891 908 911 969 970 971 987 997 1020 1022 1026 1028 1040 1044 1054 
34	40	7	16	20 43 73 213 221 271 275 305 331 371 462 799 817 
214	7	148	16	460 464 598 599 600 612 613 650 
129	28	98	16	103 130 384 
12	27	12	17	8 244 276 296 406 491 520 533 539 633 641 649 665 667 702 720 727 730 744 746 778 789 790 795 809 828 874 884 932 947 957 1002 1018 1029 
96	40	76	17	64 87 292 294 424 438 494 608 620 631 828 829 929 
2	7	2	17	1 79 329 357 591 596 759 
130	28	99	17	104 200 327 
88	27	32	18	56 60 80 202 223 250 254 274 280 295 308 337 375 379 382 398 427 433 451 494 503 505 586 612 619 623 644 677 715 718 770 787 802 977 
104	40	44	18	71 74 90 237 257 393 505 506 562 671 681 825 897 
38	7	25	18	22 222 308 386 408 439 787 
140	28	106	18	116 224 741 
142	27	108	19	118 222 485 509 518 579 678 688 704 705 712 723 745 747 764 793 834 846 849 865 884 889 890 896 898 922 933 956 963 988 999 1004 1012 1036 
131	40	65	19	105 195 273 316 364 377 424 441 445 474 482 494 743 
46	7	38	19	26 87 136 142 170 241 525 
160	28	122	19	152 177 185 
28	27	26	20	16 76 82 93 113 196 247 253 296 320 367 417 447 501 521 551 560 570 571 592 641 742 751 769 775 814 851 871 914 964 
166	40	124	20	163 172 201 251 316 358 378 385 411 441 523 592 803 
89	7	0	20	56 163 448 764 931 958 1033 
164	28	123	20	161 271 462 
44	27	36	21	25 54 75 86 209 287 300 352 387 400 450 453 465 469 485 522 541 550 559 568 617 626 637 674 682 696 707 711 738 810 
179	40	103	21	225 240 265 330 338 343 401 500 523 560 613 719 966 
106	7	14	21	73 229 310 326 433 506 737 
170	28	127	21	177 185 292 
100	27	80	22	69 133 176 190 210 233 248 296 297 330 387 400 404 459 464 475 510 554 563 582 613 640 650 679 702 705 749 770 810 
182	40	119	22	248 256 267 359 415 479 581 632 690 723 729 798 985 
119	7	87	22	89 132 656 725 836 977 1015 
178	28	132	22	219 720 744 
102	27	82	23	69 391 425 496 513 515 666 688 702 760 769 792 818 824 831 859 860 866 870 872 878 908 921 956 974 975 1028 1034 1049 
45	40	37	23	26 52 202 275 304 342 686 756 803 948 983 1032 
135	7	102	23	110 546 765 822 903 984 1051 
187	28	137	23	258 306 397 
186	27	79	24	255 306 315 330 344 383 396 404 439 456 481 492 507 557 700 705 707 708 718 722 726 733 746 772 789 791 835 1047 
49	40	41	24	28 119 175 203 205 266 369 448 488 528 741 934 
136	7	103	24	111 145 372 499 516 724 766 
213	28	104	24	449 621 647 
32	27	29	25	17 36 54 80 86 95 102 124 134 182 183 185 209 270 287 288 291 349 350 368 431 436 453 465 483 522 810 
69	40	58	25	42 71 171 259 331 382 422 457 517 642 799 817 
156	7	0	25	146 276 319 389 474 491 964 
218	28	124	25	534 729 979 
192	27	90	26	276 418 422 428 479 490 493 508 534 578 694 695 717 724 740 747 762 843 851 861 865 892 930 936 959 1007 1045 
99	40	79	26	68 103 130 174 230 315 447 544 718 726 794 863 
168	7	126	26	172 353 420 631 667 724 792 
221	28	150	26	698 961 1020 
25	27	23	27	15 53 260 321 410 423 478 499 515 529 547 564 567 574 576 587 593 594 602 616 699 709 714 748 752 982 
127	40	97	27	99 107 243 298 318 472 590 600 690 803 849 987 
174	7	130	27	191 326 355 502 633 790 947 
74	28	60	27	45 431 
116	27	89	28	87 153 226 386 390 426 438 531 539 601 608 663 673 680 693 721 743 804 808 813 845 929 933 972 989 1036 
138	40	105	28	114 140 178 286 426 510 528 574 609 610 691 1043 
201	7	46	28	340 378 532 596 677 777 1040 
121	28	67	28	91 133 
115	27	88	29	86 245 530 535 596 639 661 740 786 791 858 867 876 902 925 927 973 986 998 1017 1019 1033 1044 1045 1048 
199	40	142	29	309 338 376 472 473 479 509 635 697 785 869 999 
217	7	60	29	515 616 852 933 937 961 988 
126	28	96	29	97 372 
26	27	24	30	15 20 213 221 237 269 325 343 371 379 380 392 393 411 414 437 466 586 594 610 638 672 767 966 
5	40	5	30	3 40 47 51 122 131 146 163 186 194 334 
223	7	99	30	768 816 820 873 892 940 1046 
151	28	116	30	138 146 
59	27	51	31	35 46 100 131 157 218 420 565 578 598 605 615 621 653 693 739 745 771 800 853 886 911 924 
13	40	13	31	8 216 282 355 530 535 576 611 615 639 883 
77	7	62	31	47 246 772 886 997 1022 
177	28	131	31	219 629 
144	27	110	32	122 127 208 217 237 260 299 320 517 526 532 544 584 610 629 643 645 681 686 691 734 771 779 
15	40	15	32	10 43 128 154 166 208 269 362 374 437 966 
78	7	63	32	47 65 189 224 372 405 
208	28	0	32	395 604 
153	27	117	33	141 158 220 246 251 286 364 377 391 424 494 553 620 631 676 758 777 843 871 898 909 941 959 
18	40	17	33	11 48 59 168 180 278 365 366 421 431 626 
93	7	75	33	63 115 392 460 674 795 
219	28	61	33	559 725 
190	27	139	34	274 277 329 358 387 467 469 485 497 510 567 568 585 617 653 670 682 696 707 728 731 738 909 
60	40	52	34	35 36 65 80 83 86 142 159 183 287 288 
108	7	84	34	74 120 257 309 338 461 
47	28	39	34	27 
83	27	68	35	50 239 262 286 308 334 335 356 428 455 503 523 632 645 663 802 866 902 913 929 948 986 
94	40	73	35	63 115 129 132 139 155 207 270 285 298 307 
120	7	92	35	90 245 399 490 553 563 
145	28	111	35	123 
22	27	20	36	13 244 260 443 477 489 526 540 599 604 652 654 683 703 706 763 809 848 879 1025 1041 
111	40	68	36	79 265 293 304 308 341 345 388 415 503 552 
163	7	36	36	159 165 279 313 349 541 
175	28	8	36	197 
149	27	114	37	136 142 241 325 328 339 352 360 363 370 373 375 380 392 393 414 462 470 511 586 767 
114	40	87	37	84 85 89 199 248 294 394 588 656 864 1015 
169	7	66	37	174 430 449 600 715 1043 
181	28	133	37	236 
150	27	115	38	136 142 325 328 339 352 360 363 370 373 375 380 392 393 414 440 462 470 511 586 767 
3	40	3	38	2 7 103 112 117 123 127 151 232 476 
171	7	128	38	180 366 421 431 510 646 
188	28	63	38	270 
161	27	93	39	156 241 274 340 383 459 475 510 554 567 702 710 738 746 750 810 837 839 898 1003 1052 
20	40	4	39	12 97 109 150 202 204 218 293 314 475 
183	7	134	39	250 280 354 476 906 954 
196	28	121	39	292 
155	27	119	40	145 267 277 319 359 364 389 514 643 651 665 717 807 814 881 892 897 951 963 964 
40	40	33	40	23 88 100 157 210 223 302 355 381 446 
184	7	135	40	252 685 687 833 940 1024 
222	28	122	40	715 
37	27	6	41	22 88 100 151 206 235 300 327 428 433 484 577 627 689 865 868 1004 1030 1031 
55	40	47	41	32 47 79 319 394 427 428 573 605 951 
191	7	113	41	276 341 695 866 901 902 
42	27	34	42	24 30 55 58 125 126 217 249 264 280 281 379 395 487 603 687 735 754 796 
66	40	56	42	40 50 66 86 98 103 107 144 311 312 
197	7	92	42	306 346 418 508 758 928 
53	27	45	43	31 54 58 97 121 161 236 249 281 290 382 409 412 554 573 807 813 943 980 
81	40	66	43	49 174 361 552 600 745 774 793 854 917 
207	7	71	43	384 389 391 395 409 513 
72	27	59	44	44 184 325 329 357 362 402 421 505 529 562 565 595 616 644 762 812 817 949 
85	40	69	44	52 115 125 262 339 347 379 380 655 666 
1	7	1	44	1 324 572 676 844 
87	27	71	45	52 252 256 284 391 395 407 412 425 451 496 513 581 618 619 666 729 760 818 
109	40	9	45	74 121 188 193 202 461 463 473 525 735 
6	7	6	45	4 27 59 368 405 
63	27	55	46	37 200 233 315 324 435 538 665 685 698 700 704 710 727 736 789 834 853 
137	40	104	46	113 130 229 230 375 481 574 649 726 919 
9	7	9	46	5 187 211 463 697 
101	27	81	47	69 156 176 261 285 296 307 404 464 557 582 613 637 650 670 722 733 749 
147	40	113	47	130 146 230 444 550 595 643 846 881 950 
29	7	0	47	16 61 324 507 1047 
122	27	93	48	94 274 297 482 483 512 559 563 566 640 679 710 776 904 918 995 1031 1032 
162	40	102	48	156 189 192 206 274 294 349 363 487 550 
68	7	57	48	41 98 190 253 429 
124	27	94	49	96 251 350 368 411 426 549 561 595 606 634 691 797 854 914 978 1004 1025 
172	40	74	49	182 219 659 797 830 931 936 943 952 1000 
117	7	90	49	88 90 99 164 245 
51	27	43	50	29 60 74 77 92 134 175 215 217 257 297 338 376 408 419 472 525 
202	40	144	50	353 518 838 879 900 947 965 1002 1006 1015 
118	7	91	50	89 216 732 784 960 
52	27	44	51	30 39 160 279 313 326 355 381 382 402 520 533 562 591 784 790 812 
203	40	145	51	359 405 417 438 441 472 539 558 652 839 
123	7	80	51	94 340 387 400 452 
91	27	73	52	62 241 557 605 640 751 774 778 826 840 841 870 932 939 981 1035 1037 
211	40	146	52	429 443 489 543 556 583 627 654 782 868 
128	7	91	52	100 144 157 191 223 
154	27	118	53	143 214 377 489 585 621 624 635 662 708 796 868 877 878 899 967 1034 
212	40	147	53	436 446 533 707 732 784 790 811 965 1015 
143	7	109	53	121 125 487 647 865 
198	27	41	54	307 527 528 542 570 656 662 669 690 835 885 886 904 908 914 958 969 
17	40	16	54	10 115 137 212 365 376 412 619 713 
158	7	120	54	149 160 237 320 562 
10	27	10	55	6 91 180 421 435 508 570 660 778 801 901 910 945 970 992 1026 
19	40	18	55	12 69 484 614 685 736 738 787 857 
159	7	121	55	152 177 222 602 854 
14	27	14	56	9 18 30 39 57 101 149 160 212 243 280 295 310 320 326 526 
24	40	22	56	14 44 64 106 158 266 442 524 542 
165	7	11	56	162 231 313 458 782 
16	27	3	57	10 28 98 168 232 252 256 384 429 468 618 713 729 806 915 1024 
205	7	40	57	369 446 611 741 837 
27	27	25	58	16 324 339 374 460 511 536 560 583 736 772 781 789 858 942 1021 
67	40	19	58	40 93 140 319 334 401 432 449 700 
215	7	149	58	486 544 545 583 683 
80	27	65	59	48 94 198 201 286 361 441 481 492 553 592 628 675 760 839 1019 
110	40	85	59	76 290 318 333 385 594 696 816 937 
220	7	30	59	572 827 881 900 993 
86	27	70	60	52 72 73 120 189 427 531 575 604 671 804 958 1027 1048 1049 1051 
112	40	86	60	81 181 220 226 266 268 289 482 531 
30	7	27	60	17 75 102 186 
157	27	107	61	148 176 186 200 233 240 247 330 341 344 345 386 401 571 630 791 
167	40	125	61	171 273 333 348 377 411 416 430 561 
36	7	31	61	21 272 301 317 
