Class Times	61
Rooms	54
1	14
2	21
3	16
4	22
5	12
6	5
7	60
8	26
9	15
10	19
11	22
12	43
13	29
14	16
15	39
16	26
17	18
18	17
19	14
20	35
21	31
22	46
23	31
24	30
25	27
26	16
27	79
28	59
29	12
30	21
31	21
32	9
33	29
34	17
35	19
36	17
37	11
38	17
39	11
40	66
41	23
42	10
43	14
44	9
45	3
46	14
47	8
48	9
49	6
50	2
51	4
52	14
53	26
54	12
Classes	223
Teachers	150
1	1
2	2
3	3
4	4
5	5
6	6
7	7
8	8
9	9
10	10
11	11
12	12
13	13
14	14
15	15
16	3
17	16
18	17
19	18
20	4
21	19
22	20
23	21
24	22
25	23
26	24
27	25
28	26
29	25
30	27
31	28
32	29
33	30
34	7
35	21
36	31
37	6
38	25
39	32
40	33
41	33
42	34
43	35
44	36
45	37
46	38
47	39
48	40
49	41
50	42
51	43
52	44
53	45
54	46
55	47
56	48
57	49
58	50
59	51
60	52
61	53
62	54
63	55
64	55
65	27
66	56
67	19
68	57
69	58
70	15
71	16
72	59
73	26
74	60
75	5
76	61
77	62
78	63
79	64
80	65
81	66
82	67
83	68
84	51
85	69
86	70
87	71
88	32
89	40
90	72
91	73
92	74
93	75
94	73
95	56
96	76
97	77
98	78
99	79
100	80
101	81
102	82
103	74
104	44
105	20
106	14
107	83
108	84
109	9
110	85
111	68
112	86
113	37
114	87
115	88
116	89
117	90
118	91
119	87
120	92
121	67
122	93
123	80
124	94
125	95
126	96
127	97
128	91
129	98
130	99
131	65
132	100
133	18
134	101
135	102
136	103
137	104
138	105
139	41
140	106
141	107
142	108
143	109
144	110
145	111
146	112
147	113
148	111
149	114
150	115
151	116
152	88
153	117
154	118
155	119
156	119
157	107
158	120
159	121
160	122
161	93
162	102
163	36
164	123
165	11
166	124
167	125
168	126
169	66
170	127
171	128
172	74
173	129
174	130
175	8
176	127
177	131
178	132
179	103
180	95
181	133
182	119
183	134
184	135
185	136
186	79
187	137
188	63
189	138
190	139
191	113
192	90
193	53
194	140
195	141
196	121
197	92
198	41
199	142
200	143
201	46
202	144
203	145
204	50
205	40
206	49
207	71
208	99
209	136
210	31
211	146
212	147
213	104
214	148
215	149
216	39
217	60
218	124
219	61
220	30
221	150
222	122
223	99
