Class Times	69
Rooms	69
1	81
2	152
3	44
4	59
5	29
6	50
7	55
8	19
9	31
10	35
11	18
12	11
13	22
14	40
15	24
16	19
17	34
18	15
19	31
20	14
21	28
22	24
23	19
24	50
25	18
26	18
27	29
28	19
29	9
30	17
31	19
32	28
33	12
34	65
35	7
36	45
37	9
38	21
39	13
40	14
41	78
42	20
43	11
44	6
45	78
46	7
47	12
48	13
49	11
50	58
51	16
52	14
53	17
54	9
55	12
56	15
57	10
58	28
59	6
60	8
61	15
62	7
63	7
64	6
65	5
66	19
67	3
68	6
69	4
Classes	306
Teachers	156
1	1
2	2
3	3
4	4
5	5
6	6
7	7
8	8
9	9
10	10
11	11
12	12
13	13
14	14
15	15
16	16
17	17
18	18
19	19
20	20
21	21
22	22
23	20
24	23
25	24
26	25
27	26
28	27
29	28
30	29
31	30
32	31
33	32
34	33
35	34
36	35
37	9
38	36
39	28
40	37
41	38
42	39
43	4
44	40
45	41
46	42
47	43
48	20
49	44
50	45
51	46
52	38
53	47
54	48
55	49
56	50
57	7
58	33
59	51
60	52
61	53
62	19
63	54
64	51
65	7
66	55
67	56
68	15
69	57
70	58
71	16
72	5
73	59
74	11
75	60
76	60
77	44
78	61
79	10
80	62
81	63
82	15
83	32
84	17
85	64
86	56
87	56
88	15
89	65
90	66
91	67
92	68
93	65
94	69
95	70
96	67
97	71
98	72
99	73
100	74
101	75
102	76
103	13
104	60
105	25
106	43
107	77
108	78
109	79
110	29
111	80
112	81
113	68
114	82
115	83
116	84
117	85
118	86
119	87
120	55
121	56
122	87
123	88
124	89
125	42
126	90
127	91
128	34
129	92
130	93
131	94
132	95
133	96
134	59
135	61
136	97
137	67
138	72
139	39
140	98
141	99
142	100
143	101
144	102
145	103
146	104
147	105
148	106
149	107
150	108
151	109
152	27
153	102
154	110
155	111
156	51
157	79
158	112
159	71
160	113
161	114
162	62
163	52
164	40
165	115
166	38
167	78
168	116
169	96
170	109
171	117
172	59
173	118
174	91
175	119
176	120
177	45
178	79
179	58
180	54
181	121
182	122
183	123
184	124
185	106
186	39
187	125
188	21
189	39
190	126
191	99
192	127
193	128
194	129
195	97
196	112
197	98
198	56
199	36
200	130
201	48
202	71
203	114
204	61
205	131
206	132
207	63
208	133
209	109
210	73
211	134
212	135
213	6
214	7
215	110
216	136
217	137
218	90
219	21
220	138
221	95
222	139
223	137
224	122
225	121
226	78
227	111
228	77
229	109
230	103
231	79
232	140
233	10
234	141
235	142
236	143
237	13
238	140
239	89
240	38
241	72
242	122
243	96
244	144
245	145
246	6
247	96
248	134
249	46
250	146
251	41
252	95
253	80
254	145
255	74
256	147
257	51
258	147
259	148
260	127
261	15
262	76
263	103
264	149
265	144
266	89
267	120
268	132
269	146
270	99
271	144
272	6
273	122
274	4
275	69
276	81
277	48
278	7
279	37
280	132
281	58
282	150
283	76
284	88
285	151
286	95
287	152
288	6
289	82
290	153
291	72
292	154
293	122
294	13
295	39
296	122
297	146
298	155
299	146
300	153
301	129
302	82
303	24
304	156
305	33
306	44
