Students	178
1	6 16 19 12
2	1 8 4 20
3	12 7 17 24
4	2 19 4 18
5	11 1 21 17
6	6 16 19 7
7	3 5 22 2
8	11 8 13 6
9	22 10 3 24
10	2 14 1 18
11	3 5 10 8
12	9 16 12 15
13	2 17 7 10
14	24 2 8 15
15	23 8 18 19
16	19 13 8 10
17	16 13 5 1
18	9 24 23 20
19	8 11 10 12
20	13 9 12 3
21	14 9 6 12
22	23 6 9 17
23	1 10 6 23
24	18 8 23 9
25	17 10 23 21
26	18 7 5 12
27	5 15 9 19
28	5 24 14 15
29	23 18 19 12
30	10 8 3 16
31	16 20 6 1
32	6 15 4 23
33	17 11 23 3
34	17 19 6 1
35	7 2 3 22
36	9 15 3 5
37	9 1 16 14
38	22 12 17 21
39	7 4 3 21
40	3 23 7 12
41	17 4 14 23
42	10 24 16 3
43	14 23 21 22
44	13 12 23 22
45	1 10 12 14
46	5 17 22 9
47	11 7 14 18
48	17 5 3 23
49	21 24 7 11
50	4 11 16 10
51	5 6 18 23
52	4 17 23 2
53	13 9 11 14
54	3 19 18 13
55	3 13 1 5
56	11 23 17 4
57	10 14 21 2
58	20 19 6 24
59	5 1 12 11
60	5 18 1 4
61	24 22 4 6
62	21 2 6 18
63	14 23 10 8
64	19 4 12 5
65	8 1 16 22
66	21 4 5 7
67	10 16 14 9
68	22 1 23 21
69	15 8 6 13
70	8 18 12 10
71	18 1 15 13
72	13 5 24 18
73	12 21 16 15
74	17 10 24 20
75	21 20 7 3
76	23 21 24 1
77	5 1 18 12
78	13 9 14 24
79	21 12 11 2
80	4 15 13 8
81	8 22 21 15
82	17 12 6 9
83	4 15 22 18
84	6 23 16 18
85	12 19 22 20
86	6 23 12 22
87	11 10 18 24
88	20 9 14 17
89	13 11 19 1
90	18 24 15 19
91	19 8 6 17
92	15 5 10 18
93	19 17 6 15
94	6 14 2 8
95	16 8 18 14
96	18 6 3 4
97	9 22 6 21
98	8 7 4 21
99	3 2 9 13
100	18 24 11 20
101	15 1 24 17
102	7 17 1 20
103	8 5 19 24
104	9 19 21 15
105	13 10 4 18
106	20 11 1 17
107	6 23 21 7
108	14 13 23 3
109	14 3 15 6
110	15 16 18 17
111	8 14 15 23
112	12 9 19 8
113	23 18 7 4
114	22 2 15 23
115	14 3 20 1
116	7 11 3 2
117	12 13 16 11
118	7 6 15 1
119	9 23 21 6
120	18 23 13 19
121	14 3 21 7
122	17 7 13 12
123	7 10 14 18
124	16 7 24 4
125	1 12 17 14
126	1 7 22 13
127	11 5 17 15
128	13 23 24 17
129	24 22 12 8
130	14 4 6 20
131	20 22 12 15
132	21 14 1 22
133	15 14 22 23
134	20 24 11 4
135	12 1 13 24
136	19 2 14 15
137	15 13 1 20
138	16 24 11 19
139	20 5 2 16
140	20 21 18 14
141	12 8 1 16
142	14 24 16 1
143	19 21 8 11
144	6 20 2 23
145	21 11 18 9
146	5 23 18 19
147	20 21 11 5
148	1 18 12 2
149	4 21 6 23
150	22 19 8 2
151	8 11 10 21
152	17 22 4 13
153	13 3 16 19
154	15 8 16 5
155	10 15 14 17
156	20 22 18 23
157	6 5 7 4
158	21 10 13 22
159	17 5 4 18
160	7 11 2 21
161	23 10 3 17
162	3 7 12 1
163	16 22 23 9
164	12 8 3 19
165	7 13 9 1
166	7 16 15 18
167	14 2 18 4
168	8 14 5 3
169	10 22 2 14
170	9 10 21 17
171	3 19 20 21
172	5 13 17 20
173	23 21 24 7
174	16 4 11 10
175	20 13 3 17
176	15 18 4 19
177	11 22 5 23
178	20 11 24 6
