Students	100
1	14 9 10 4
2	7 19 14 10
3	13 5 14 10
4	5 3 11 7
5	16 18 15 8
6	19 5 17 14
7	11 3 9 13
8	5 17 2 12
9	6 8 18 13
10	12 19 8 7
11	8 2 13 9
12	6 12 13 19
13	20 11 14 16
14	8 12 20 10
15	13 7 17 6
16	9 12 15 4
17	5 15 11 4
18	17 10 1 20
19	9 8 3 11
20	9 1 4 8
21	6 13 3 15
22	13 9 10 17
23	6 19 11 18
24	6 19 12 20
25	9 12 1 8
26	12 6 4 19
27	9 8 7 17
28	11 18 20 17
29	9 10 7 20
30	19 16 1 20
31	6 10 8 17
32	15 9 14 4
33	18 13 14 7
34	19 5 18 3
35	13 16 17 15
36	10 15 12 13
37	11 10 2 8
38	12 10 1 3
39	13 16 7 9
40	10 16 18 3
41	14 3 10 19
42	17 19 3 12
43	2 17 3 19
44	15 9 10 18
45	14 15 1 16
46	10 14 12 11
47	19 9 11 10
48	9 11 18 3
49	1 19 9 8
50	17 2 8 4
51	15 12 16 7
52	4 18 1 20
53	20 10 19 8
54	12 14 8 6
55	4 13 19 20
56	7 1 11 20
57	13 7 15 12
58	10 3 1 12
59	1 18 10 8
60	19 4 10 17
61	10 8 4 6
62	15 17 2 3
63	4 1 3 5
64	10 16 1 11
65	6 20 10 4
66	6 17 20 4
67	8 19 9 14
68	12 14 16 13
69	11 1 5 17
70	12 2 11 20
71	1 19 5 4
72	13 4 2 10
73	10 13 14 5
74	20 19 5 4
75	14 18 7 9
76	19 17 9 20
77	13 1 11 9
78	5 14 16 6
79	4 13 10 3
80	10 7 12 1
81	10 17 13 15
82	16 18 20 10
83	4 16 9 6
84	5 3 15 13
85	11 13 19 10
86	3 7 10 8
87	19 18 9 20
88	1 13 17 7
89	7 11 3 16
90	9 10 11 2
91	20 16 14 9
92	15 17 18 13
93	1 14 6 20
94	3 14 16 17
95	19 6 15 5
96	13 14 11 10
97	12 5 14 11
98	11 14 3 15
99	14 5 18 2
100	17 2 16 10
