Students	100
1	15 16 18 9
2	7 3 10 8
3	6 5 9 12
4	12 6 8 20
5	4 3 11 1
6	13 8 16 15
7	5 14 10 1
8	11 18 2 19
9	7 14 17 20
10	8 5 15 7
11	14 16 1 4
12	9 13 7 11
13	17 13 15 10
14	12 14 20 13
15	2 11 12 1
16	12 14 15 20
17	9 1 7 13
18	15 11 3 19
19	14 9 3 1
20	16 18 3 20
21	2 6 1 19
22	7 20 6 11
23	10 1 14 4
24	8 19 13 16
25	10 8 17 18
26	3 7 19 10
27	17 19 15 10
28	17 13 10 1
29	20 9 8 6
30	17 18 1 8
31	16 19 6 17
32	5 8 20 16
33	11 7 4 16
34	12 18 15 4
35	4 6 17 16
36	6 9 4 3
37	18 3 4 2
38	5 20 15 2
39	13 11 17 3
40	10 15 13 18
41	14 2 12 15
42	5 9 12 16
43	6 11 17 9
44	19 18 8 4
45	20 6 8 14
46	1 7 6 4
47	17 7 20 10
48	2 7 8 9
49	18 7 4 16
50	4 14 2 5
51	1 15 11 19
52	14 2 8 9
53	5 12 15 18
54	3 10 17 8
55	11 14 7 2
56	9 2 5 12
57	8 12 9 11
58	19 12 7 15
59	9 12 2 7
60	12 5 7 6
61	18 9 15 8
62	5 7 9 6
63	3 15 6 20
64	3 18 20 5
65	20 10 18 15
66	4 16 20 14
67	6 14 13 18
68	14 19 1 15
69	19 17 18 8
70	2 12 18 17
71	10 12 19 8
72	2 20 5 19
73	15 10 14 16
74	19 9 4 18
75	14 17 8 5
76	12 8 14 18
77	5 19 16 1
78	13 18 8 9
79	7 4 19 3
80	3 9 7 2
81	4 14 5 10
82	17 5 12 14
83	14 13 19 3
84	11 17 10 15
85	14 5 8 4
86	2 12 18 16
87	13 6 14 12
88	17 7 10 19
89	9 3 11 14
90	11 3 12 14
91	3 12 17 16
92	2 7 8 6
93	1 6 18 3
94	10 15 8 2
95	8 9 18 19
96	14 3 2 8
97	9 17 11 1
98	4 14 7 10
99	6 16 15 18
100	9 5 3 17
