Students	1055
1	1 2
2	3
3	4 5
4	6
5	7 8 9
6	10
7	11 3
8	12 13
9	14
10	15 16 17
11	18
12	19 20
13	21 22
14	23 24
15	23 25 26
16	27 28 29
17	30 31 32
18	14
19	33
20	23 34 35 26
21	36
22	37 38
23	39 40 41
24	42
25	43 44
26	45 46
27	6 47
28	48 16 49
29	50 51
30	52 14 43 42
31	53 54
32	11 55
33	56
34	57
35	58 59 60
36	61 32 60
37	62 63 64
38	65 54
39	52 14 43
40	66 67 5
41	68
42	23 69 8
43	34 15 70 71
44	72 73 24
45	74
46	59 75 61 76
47	77 5 78 79 55
48	80 18
49	81 82
50	66 83
51	84 5
52	45 85 86 87
53	25
54	53 44 32
55	56 42
56	48 88 89
57	14 56 71
58	53 43 42
59	6 18
60	51 88 90
61	29
62	91 92
63	93 94
64	95 96 24
65	78 60
66	97 66 98
67	48
68	43 99
69	100 101 19 76 102
70	103 58
71	104 69 105 64
72	86
73	106 34 86 107
74	104 108 51 109
75	30 44 76
76	110 28
77	8 51
78	8
79	111 2 55
80	4 32 60 88
81	23 112
82	113 28
83	60 90
84	114
85	114
86	66 115 44 32 60
87	46 116 96
88	40 37 117
89	118 119 114
90	104 120 117
91	10 121 84
92	113 56 51
93	8 67 28
94	122 123 80
95	32
96	23 124 125
97	53 20 126
98	68 66 16
99	127 117
100	40 128 37 59
101	14 82 71
102	30 32
103	66 99 129 3
104	130 61
105	131
106	24
107	127 11 66
108	132
109	133 20 134
110	31 135
111	136
112	79 3
113	137 28
114	7 138
115	93 94 85 17
116	139 140 48
117	8 141 3
118	142
119	139 48 49
120	86 108
121	53 143 61 109
122	144 5 61
123	145 3
124	146 32
125	85 143 42
126	43 42
127	43 144 50 3
128	23 15 35
129	94
130	147 137 99 129
131	59 5
132	94 119 148
133	100 121
134	32 56 51
135	35 76
136	149 150 46
137	48 17
138	151 79
139	94 141
140	67 152 138
141	153
142	149 150 46 60
143	43 50 154 79
144	128 11 66
145	4 155 136
146	147 156 5 151
147	56
148	157 79
149	14 98 158
150	20
151	37 3
152	159 160
153	95 116
154	15 70
155	94 134
156	101 161 162
157	40 128 59
158	92 153 24
159	60 163
160	52 14 64 158
161	53 164
162	11 165
163	125 5 89 166
164	117
165	7 146 163
166	50 15 70
167	113
168	18 16
169	71
170	46 146
171	69 167
172	168 92 166
173	11
174	169 99 81
175	56 51 49
176	100 101 157
177	159 160 170
178	146 79 138
179	141
180	10 18 171
181	112
182	32 172
183	32 60 92
184	72 58
185	32 160 170
186	30 65 5 157
187	56 9
188	23 173 109
189	86 78 162
190	68 100
191	174 128
192	141 162
193	43 79 109
194	5
195	131 92
196	98 28
197	175
198	80 90
199	95 21 114
200	130 63 157 176
201	80 166
202	45 20 109 88
203	49
204	113 133 20
205	8 49
206	37 162
207	54 94
208	144 15 35 71
209	97 44 32
210	40 100 54
211	56 9
212	14 17
213	34 26
214	154
215	51
216	118 21 13 75
217	144 51 42
218	98 20 59
219	125 177 178 105 172
220	112 153
221	34 35 26
222	142 159 38
223	40 128 88
224	140 78
225	179
226	8 116 112
227	180
228	43 35
229	106 137
230	147 137 99
231	165
232	16 3 107
233	100 63 157
234	141
235	95 37
236	53 181
237	104 144 26 158
238	141
239	31 54 83
240	157 179
241	149 46 161 65 91
242	43 23 50 79
243	14 127
244	95 12 22
245	4 115 120 117
246	77 153
247	28 157
248	100 182 114
249	53 43 42
250	88 183
251	124 153 166
252	11 184 16 87
253	68 28
254	185 88
255	21 62 186
256	182 16 87
257	104 108 51
258	187
259	69
260	144 25 22 4
261	113 101
262	180 85 83 92
263	139 48
264	23 132 42
265	111 179
266	43 112 49 24
267	155 182 71
268	112
269	23 15 35 26
270	94 32 188
271	23 34 164
272	36
273	167 131 189
274	122 161 190 88 162
275	45 50 34 107
276	12 191 156 192
277	8 155 193 190
278	18
279	52 64 163
280	14 88 183 42
281	53 43 42
282	48 13
283	23 35
284	193 79 87 71
285	101 94 194
286	80 83 153 138
287	4 44 32 60
288	32 60
289	112
290	53 195 110
291	32 57
292	96 196 170
293	111 20
294	96 114 162
295	14 88
296	100 101 12 28
297	100 122 51
298	127 31 94
299	23 144 50 185 57
300	37 44 107
301	36
302	40 41
303	43 23
304	45 111
305	23 50 34
306	186 187 197
307	198 101 31 94
308	83 111 88 38
309	56 199 108
310	106 14
311	66
312	66
313	52 23 165 163
314	98 20
315	63 186 99
316	131 166
317	48 36
318	110 127 11
319	155 156 67 55
320	14 144 28 158
321	23 25
322	82 200
323	195
324	43 1 63 27 29
325	72 149 150 26
326	106 52 14 174
327	37 130
328	195 149 150
329	72 11 190 2
330	100 186 157 179
331	23 34 69
332	113 133
333	110 167
334	83 67 5
335	83 133 73
336	7 21 8 57
337	180 107 88 92
338	199 108 51 179
339	149 150 85 27
340	161 123 201 54
341	111 191 157
342	45
343	23 50 26 179
344	31 186 157
345	111 157 92
346	197
347	62 85
348	167
349	32 163 162
350	124 32 107
351	56
352	149 150 44 107
353	202 4 168
354	183
355	52 174 40 13
356	83
357	72 2
358	190 92 166 200
359	203 155 182
360	149 150 193 79
361	80 81
362	72 50 15
363	149 150 71 162
364	131 155 92 153
365	18 17
366	18 171
367	193 28
368	6 124 32
369	204 139 205 49
370	149 150
371	23 34 26 107
372	78 136 126
373	149 150 206
374	50 15 27 141
375	149 150 137 88
376	84 199 51 17
377	167 131 154 153
378	201 54 166
379	85 26 88 42
380	149 150 85 26
381	52 40 105
382	52 53 69 88
383	161 186 141 189
384	16 129 207
385	110 23 166
386	116 62 157 38
387	100 123 190 44
388	43 133 111
389	155 156 207
390	116
391	102 87 57 153 207
392	149 150 93 26
393	104 149 150 26
394	84 55 114
395	208 87 207 42
396	73 186 200
397	187 200
398	23 141 88
399	120
400	100 123 44 209
401	75 67 157 179
402	72 52
403	21 193 57
404	100 101 193 186
405	203 6 78
406	12 57
407	39 204 132 87
408	210 51 38 71
409	53 210 141 207
410	43 25 21 132
411	124 167 26 166
412	53 87 17 92
413	21 33 76
414	149 150 26
415	113 111 182
416	167 152
417	203 21 28 107
418	192 197
419	39 113 51
420	168 59 61
421	72 10 18 171
422	23 69 76 192
423	50 25 8 64
424	96 131 153
425	102 87
426	124 116 138
427	86 88 55
428	37 83 192 55
429	211 68 8 16
430	169 167
431	32 18 171 74
432	62 67
433	106 43 37 88
434	43 23 79
435	7 10 132 63
436	212 97 32
437	23 15 26
438	203 116 96 206
439	64 186 38 200
440	150 79
441	203 80 131 166
442	24
443	211 21 22
444	147 185
445	131 79 107
446	212 40 205 8
447	28 99
448	139 89 49
449	169 213 67
450	193 44
451	21 87 88 71
452	123
453	44 32
454	141 200
455	21 83
456	139 21 152 186
457	43 69 204 57
458	11 165
459	100 161 57
460	93 193 27 214
461	108 109 107
462	34 164 149 150
463	109 9 57
464	100 101 214
465	43 23 44 32
466	26
467	190
468	16
469	193 190 44
470	149 150 173
471	43 23 79
472	203 127 199 51
473	210 199 109 57
474	43 131 62 156
475	100 161 20
476	3 183
477	95 22 152 189
478	103 7 43 25
479	182 192 199 79
480	23 50 200
481	80 137 193 186
482	122 131 112
483	204 21 122 32
484	37 19 173
485	142 193 190 44
486	215
487	143 162 42
488	139 49
489	211 21 22 154
490	192 120
491	12 156 82
492	21 80 186
493	125 192
494	96 131 88 153
495	21
496	43 62 102 87
497	43 216 193 190
498	21 193
499	7 23 25 136
500	43 141 179
501	28 141
502	174 98 41
503	83 111 107 88
504	200
505	104 72 88
506	104 106 64 71
507	23 186 29
508	95 10 192 197
509	142 199 79
510	100 161 190 171 138
511	149 150 185 27
512	7 21 122 62
513	39 102 87 207
514	7 21 155
515	25 217 102
516	136
517	144 69 204 180
518	202 21 142 41
519	21
520	52 21 12 57
521	21 28 64
522	21 44 32
523	83 179 166
524	210 79 92 24
525	46 51 109
526	14 23 144 22
527	95 216 198 73
528	198 49 138
529	39 72 7 25
530	204 21 13 115
531	116 112 86
532	144 204 201 31
533	52 212 12
534	21 218 62 192
535	13 115 61
536	43 61 27 206
537	4 132 57 71
538	63 73
539	203 116 12
540	22 200
541	44 163
542	198 31 24
543	95 211 189
544	144 215 99
545	95 215
546	21 135
547	7 25 107
548	21 132 193
549	21 124 125 57
550	147 44 79 162
551	132 28 57
552	21 111 81 57
553	80 185 120 153
554	53 100 161 176
555	7 43 23 79
556	95 211 21
557	101 91 132 186
558	203 107
559	122 193 44 219
560	27 28 179
561	124 167 33
562	104 72 52 158
563	100 122 185 120
564	7 25 79
565	39 72 59 61
566	122 107
567	25 161 190 206
568	193 190 44 200
569	21 98 206 41
570	198 10 28
571	28 157 57
572	21 1 220
573	53 21 55
574	7 25 137 138
575	43 50 204 86
576	43 25 21 13
577	37 132 57
578	59 192 185 189
579	142 61 189
580	21 189 57
581	21 182 87
582	7 100 101 176
583	215 211 8 27
584	7 144 95 21 125
585	154 193 190
586	149 150 26 88
587	25
588	21 114
589	31
590	127 21 193 57
591	52 54 2
592	80 28 166
593	7 25 79
594	110 25 26 57
595	72 124 147 75
596	201 115 148 2
597	180 33
598	95 125 59 214
599	22 214
600	127 169 214 81
601	21 116
602	25 159
603	210 79 42
604	7 22 86 208
605	91 133 59 55
606	21 124 33
607	21 33 41
608	116 96
609	21 152 61 138
610	144 204 26 138
611	205 13 61
612	21 214 88
613	100 101 214 179 200
614	21 19 133
615	21 13 59 84
616	72 43 25 217
617	21 190 44 79
618	16 87
619	87 17 57 88
620	180 96 152 153
621	154 59 213
622	39 204 209
623	7 43 79 88
624	39 204 154 193
625	21 56 79
626	21 44 18 57
627	95 211 37 21
628	21 80
629	144 21 177 132
630	210 152 157
631	96 168 57 153
632	21 83 182 189
633	174 12 41
634	21 124 62 189
635	210 154 189 199
636	7 79 194
637	21 101 193 44
638	21 132 26 64
639	21 13 115 61
640	7 100 122 91
641	21 12 28 57
642	50 69 204
643	144 147 155 61
644	72 21 62 88
645	144 83
646	21 193 171
647	21 75 143 213
648	57
649	12 137 33 41
650	100 101 193 214
651	23 11 155 57
652	203 22 61 64
653	59 190
654	95 211 22 152
655	21 85
656	198 119 114
657	204 62 132
658	39 204 132 107
659	39 33 189 172
660	39 21 10 189
661	115 61 189
662	198 154
663	21 116 83
664	7 21
665	12 155 152 63
666	21 85 102 87
667	125 12 168 152
668	43 204 21 152
669	204 198 21 132
670	101 193 190
671	104 86
672	39 7 23 26
673	204 116 132
674	21 93 173 44
675	21 80
676	180 1 153
677	8 201 31 88
678	142
679	100 122 71
680	8 116 61
681	39 104 144 21
682	190 44
683	95 215 21 22
684	11 62
685	21 184 19 63
686	45 144 204
687	210 184 125 42
688	8 142 189 102
689	37 21
690	127 198 182
691	7 144 124 138
692	21
693	116 62 59 61
694	21 192 209
695	191 192
696	110 95 190 44
697	199 9 57
698	21 221 98 63
699	7 25 21 107
700	23 67 63 186 57
701	21 8 79
702	100 161 12 102
703	31 22 133
704	142 63
705	21 100 142 186
706	7 21 22
707	212 193 190 44 186
708	21 154 186
709	7 43 25 57
710	122 161 193 63
711	21 44
712	142 132 79
713	21 176 16 17
714	7 25 21 193
715	169 222 88
716	43 95 21 98
717	155 192
718	21 186 99 88
719	180 189 206 179
720	12 178 132
721	21 116
722	101 132 186
723	21 142 98 182
724	168 152 192 136
725	21 119 33 219
726	21 137 186 99
727	21 31 12 63
728	39 7 190 79
729	218 182 16 87
730	12
731	204 190 57
732	118 212 33
733	101 186
734	144 92
735	43 109 42
736	19 63 27
737	39 106
738	161 19 190 44
739	103 59
740	39 115 192
741	139 140 205 49
742	7 21 28
743	116 131
744	12 178 206 200
745	142 59 33 81
746	161 12 186 107
747	142 193 192
748	25 95 21
749	21 100 101
750	161
751	91 132 28 73
752	7 23 25
753	39 21 189
754	21 79 107 42
755	7 21 132 189
756	45 204 21 132
757	57
758	125 62 153 197
759	132 2
760	80 102 87
761	43 204 21 132
762	72 7 192
763	22 64 79 206
764	142 176 89
765	39 204 21 135
766	21 136
767	149 150 26
768	216 21 223 132
769	21 62 28 102
770	95 100 88
771	144 59 61
772	77 27 186 206
773	39 204 132
774	21 91 193 81
775	21 62 28 79
776	21 122 193
777	125 201 4 153
778	91 10 12 61
779	7 144 204 57
780	204 132 189
781	21 62 27
782	211 165 21
783	204 189 57
784	52 118 212 21
785	199 79
786	115 64
787	21 19 88 38
788	7 43 23 204
789	12 63 27 186
790	52 212 174 12
791	115 186 157
792	21 168 102
793	204 142 132 81
794	99 107
795	21 93 12 107
796	154 79 42
797	124 189 57 172
798	182 132
799	34 69
800	125 59 79
801	204 95 21 10
802	4 83 84 88
803	45 127 57 166
804	116 62 86
805	21
806	16
807	53 155 61
808	116 61 206
809	21 12 22 98
810	100 161 44 32
811	212 95 21 132
812	39 72 52 200
813	39 53 116 132
814	21 155 28 107
815	57
816	110 223
817	72 23 34 69
818	152 102 87
819	21 193 79 107
820	39 21 223 193
821	204 62 4 75
822	7 21 135 57
823	21 132 189 206
824	7 204 21 102
825	39 104 61 57
826	39 91 61 189
827	21 220 132 76
828	21 96 62 12
829	204 96 132 57
830	39 132 172
831	39 102 57
832	39 21 62 193
833	95 184 107
834	142 63 189
835	198 8 186
836	119 189
837	205 161
838	39 202 7 21
839	203 21 161 80
840	43 91 132
841	91 189
842	43 21 189 57
843	39 152 192 153
844	8 1 132 176
845	21 116 132 57
846	142 147 84 132
847	204 95 21 62 132
848	7 21 22 107
849	127 142
850	7 204 132
851	39 33 192 28
852	21 148 193 217
853	21 62 59 63
854	21 124 81 159
855	39 132 189 107
856	39 132 189 107
857	95 21 19 132
858	8 115 27 64
859	21 189 102 107
860	39 21 8 102
861	204 95 192
862	39 189 79 57
863	21 62 61 99 194
864	8 114
865	37 142 143 192
866	83 191 102 107
867	204 95 115 132
868	211 37 21 154
869	62 189 199
870	91 102
871	39 61 28 153
872	43 98 102
873	204 21 223 132
874	21 62 12 33
875	39 95 57
876	115 132 79
877	204 21 154 132
878	21 154 193 102
879	39 202 21 22
880	204 33 132 71
881	204 147 155 220
882	43 21 57
883	21 13 189 107
884	39 142 12
885	198 189 57
886	77 198 59 61
887	39 75 206
888	193 189 107
889	7 21 142
890	204 21 142 132
891	39 8 57
892	223 155 192 194
893	204 21 73
894	39 189 57
895	204 132
896	142
897	39 104 155 189
898	161 142 132 153
899	204 21 154
900	202 21 220
901	10 191 132
902	83 191 115
903	7 21 135
904	198 21 122 189
905	39 57
906	204 183
907	21 132
908	198 21 8 102
909	7 193 190 153
910	204 21 10 132
911	8 62 59
912	204 189 57
913	39 62 83 189
914	198 124 28 189
915	62 16
916	39 21 206 200
917	21 132 176 81
918	43 204 122
919	137 189 57
920	39 189 57
921	98 189 102
922	21 142 132
923	39 204 21 132
924	59 189 57
925	21 115 61 189
926	204 21 193 57
927	21 115 148 132
928	21 62 197
929	116 96 83 61
930	7 204 193 192
931	61 176 172 89
932	39 95 91 12
933	21 116 142 217
934	204 132 49
935	21 189 107
936	204 192 172
937	110 84 132 217 57
938	95 76 189
939	21 91 79
940	7 184 223 132
941	21 189 153
942	193 27
943	53 62 189 172
944	43 95 61 107
945	21 10 193 189
946	7 204 62
947	202 174 21 12 134
948	45 62 83 189
949	39 72 7 21
950	7 204 21 147
951	62 155 55
952	43 57 172
953	39 21 31
954	21 61 57 183
955	95 21 62 132
956	39 142 132 102
957	39 21 62 12
958	198 21 86 89
959	125 192 185 153
960	118 21 189
961	216 221 4 193 217
962	204 21 62 132
963	142 155 189
964	155 156 28 57
965	39 202 212
966	15 26 206 179
967	39 204 154
968	39 189 57
969	7 198 8
970	8 10 132
971	21 8 134 61
972	21 116 61 107
973	204 21 115 193
974	95 189 102 194
975	21 102
976	21 193 194
977	21 119 189 88
978	124 189
979	95 218
980	53 7 21 107
981	43 21 91 79
982	25 21 193
983	45 7 21 189 57
984	21 135 107
985	98 182 56
986	83 115 189
987	127 7 21 8
988	21 142 217
989	116 189 107
990	39 21 206
991	21 4
992	21 10 193
993	21 220 61 189
994	7 95 21 79
995	21 122 193
996	7 21 132
997	77 8 193 57
998	95 115
999	142 56 199 79
1000	95 21 79 172
1001	21 61 107
1002	202 21 12 194
1003	161 73
1004	37 124 142 193
1005	21 61 189 57
1006	202 7 132 189
1007	21 192 79
1008	43 95 21 92
1009	7 21 132
1010	204 21 132 107
1011	21 194
1012	39 21 142 61
1013	193
1014	21 62 132 189
1015	202 212 119 114
1016	7 11 21 132
1017	103 204 125 115
1018	21 12 107
1019	21 80 115
1020	21 8 221 193
1021	195 21 132 27
1022	77 8 61 107
1023	39 21 132
1024	184 16 107
1025	124 62 22
1026	8 10 61 64
1027	7 43 86 193
1028	8 102 107
1029	12
1030	37 21 107
1031	37 21 122 193
1032	45 21 122 62 132
1033	21 115 89
1034	7 204 154 102
1035	21 91 75 189 206
1036	116 142 79
1037	21 91 61 176
1038	21
1039	21 132 107
1040	8 201 4
1041	95 21 22 4
1042	7 204 21 132
1043	169 138
1044	8 115
1045	115 192 209
1046	21 223
1047	186 29
1048	21 86 115 132
1049	86 132 102 107
1050	95 21 61
1051	39 204 86 135
1052	161 141
1053	21 61 189 56
1054	8 62 79
1055	21 71
