Students	1702
1	1 1 2 2 3
2	1 1 2 2 3
3	4 5 131 55
4	6 7 32 43
5	8 9 71
6	10 146 50
7	11 12
8	3 129 129 193 193 74
9	13 5 90
10	14
11	15 225 68
12	16 107 8
13	9
14	14 17
15	11 23 48
16	18 19
17	20 7
18	14 21
19	14 36
20	21 22 146 57 180
21	16 93 76
22	23 24 20 29
23	16 71 90
24	25 26 22
25	15 234 86
26	27
27	28 22 142 63
28	29 30 31
29	32 33 34 35
30	36 8 37 205 66
31	38
32	39 40 123 280
33	8 16
34	41 42 20
35	43 24
36	29 3 24 44
37	45 46
38	14 47 48 27
39	27
40	49 50 10
41	12
42	11 3 12
43	9 27 51
44	10 52
45	53 8 9
46	54 26 65 16
47	24 66 29
48	7 20 217
49	55 56 57 9 179
50	57 5 7 34
51	58 59 60 61 26
52	11 12
53	16 8 110
54	11 62 234
55	63 7 223 66
56	18 63 90
57	64 65 66 223
58	67 24 48 86
59	68 69 225
60	29 5 70
61	10 50 146
62	62 49
63	16 27
64	8 20 48 5
65	8 16
66	47
67	13 71 16
68	72 35 62
69	73 41
70	24 74 2 279 2
71	75 76 20
72	77 76 260
73	10 78 79 146
74	80 81 17
75	11 86 234
76	82 15 225 129 129
77	83 72 84 130
78	3 81
79	61 28 39 115
80	85 58 72
81	86 87 24
82	88 62 230
83	72 53 35 128
84	89 84 90 76
85	91 97
86	92 183
87	93 10
88	91 97 206
89	13 94
90	23 95 16
91	96 97 39 40
92	14 140 275 276
93	48 17
94	11 24
95	10
96	28 40 152
97	34
98	98 250
99	39 152
100	88 2 2 99 66
101	100 191 23
102	101 184
103	17 136
104	2 2 29 24
105	76 93 164
106	102 103 200 35 80
107	83 93 104 75
108	34 17 105 51
109	106 107 108 101 20
110	109 279 115 28
111	53 23 110 48 20
112	111 112 48 57
113	57 113 66
114	114 115 116 90
115	55 36 117 165
116	13
117	118 119 120 120 29
118	98 121 292 241
119	27 110 3 150
120	122 2 2 3 20
121	2 12 230
122	53 123 139 219
123	3 12 74
124	124 119 28
125	2 2 205
126	125 187 100 57
127	126
128	49 127 128 168
129	129 129 72 3 130
130	116 131 32 28
131	2 132 2 149 159
132	133 134 90 135
133	84 136 183
134	2 123 2 55 78
135	137 132 70 112
136	138 80 22 26
137	28 100 139
138	129 129 53 234
139	49
140	9 46
141	124 140 30
142	36 2 24 2 29
143	96 7 6
144	140 62
145	28 132 127 137 182
146	113 141 130 78
147	31 30 155 123
148	142
149	143 70 7
150	111 34 142
151	61 219
152	111 204 71 223
153	73 90 253 188
154	96 141 132 157
155	144 145
156	3 12 150
157	139 48 71 100
158	97 137 28
159	146 269
160	147 119 106
161	129 129 67 31 181
162	129 129 37 71 120 120
163	115 91 124 20
164	129 129 148 74
165	129 129 3 66 174
166	96 38 55
167	149 150 143
168	151 132
169	92 152 115 39
170	3 34 184 23
171	2 2 20 48 99
172	153 145 72 157
173	154 101 90 50
174	58 155 156 105
175	28 39 126
176	143 157 158 48
177	118 3 119
178	147 118 119
179	24 258 66
180	159 152
181	97 160 137 305
182	29 58
183	67 63
184	29 3 24
185	8 74
186	92 161
187	136 48 183
188	162 110
189	159 163 127 165
190	16 110
191	131 164 252 51
192	88 129 129 120 120 89
193	14 149 165
194	55 36 166 52
195	77 84 188
196	167 155 177
197	126 168 169 263
198	53 215 128
199	129 129 163 120 120 65
200	124 170 171 241 90
201	172 30 243
202	173
203	174 175 131
204	30 252 205
205	53 161 4
206	84 56 57 48
207	128 72 5
208	162 176 35 72
209	177 132 265
210	2 2 3 178 179
211	126 19
212	88 129 129 149
213	168 193 193 164
214	180 169 73 22
215	181
216	182 127 27 37
217	55 182 2 2 296 242 74
218	18 152 26 209 55
219	129 129 120 120 183 88
220	118 107 147 153 211
221	183
222	184 72 17 26
223	29 142 35
224	185 269 201
225	124 143 29
226	111 30 135 51
227	90
228	129 129 77 74 165
229	17 111 209 23
230	171 178
231	149 150
232	29 17 132
233	129 129 163 127 65
234	186 158
235	72 149 35 105
236	162 72 83 168
237	131 158 140 252
238	36 187 177
239	96
240	96 174 112 267
241	26 223 149
242	4 178 189
243	188 125 29
244	6 127 159 160
245	58 92 189
246	190 72 30 285
247	55 298 143 304
248	191 90 196 143
249	149 130 94 191
250	77 192 159
251	129 129 193 193 120 65 120
252	96 148
253	179 69 103
254	84 136 23
255	143 60 194 158
256	72 179 76 48
257	195 130 150
258	55 96 132 90
259	96 48 140 149 124
260	23 37 76 48
261	158 196
262	195 81 143 287
263	116 201 149 143 28
264	38 93 197 198
265	26 146 75
266	132
267	199 75 93 104
268	116 132 96
269	92 8 200 56
270	96 53 6 205
271	149 127 211 290
272	2 2 69 120 120
273	125 150 30 120 120
274	120 120 179 129 129
275	77 172 158 127 192
276	103 223 131 80
277	48 37 9
278	117 230 300
279	28 236 211 212
280	149 184 126 28
281	182 162 268 25 296
282	2 2 179 175
283	23 56 48
284	201 29 76 193 193
285	3 31 88 66
286	202 128
287	178 131 129 129 88
288	72 32 38
289	129 129 38 74
290	203 150 157 158
291	149 187 150
292	4 42 158 20
293	182 129 129 150
294	114 90 120 120
295	168 38
296	117 84
297	127 160 57 205
298	181 120 120 65 102
299	129 129 174 30 185
300	127 175 124
301	204 159 29 125
302	29
303	174 120 120 205
304	126 193 193 127 160
305	174 175 164
306	129 55 129 120 84 120
307	205 114 120 120
308	206 45
309	4 120 120 150
310	2 127 2
311	132 53 177 89
312	193 193 92 207 142
313	114 164 173
314	117 230 168
315	38 127 160 168
316	73 32 35
317	125 181
318	80
319	127 213 182
320	174 195
321	23 103 29
322	174
323	181
324	132
325	192
326	124 207 140
327	208 175 140
328	126 174 159
329	124 4 29 107
330	30 84 149 77
331	114 164 93
332	92 252
333	177 135 92
334	149 55 187 4
335	83 92 131 129 129
336	30 199 106 84
337	129 129 53 120 120 32
338	126 131 120 120
339	127 90
340	127 187 65 76
341	65 30 124 163
342	129 129 209 120 120 168
343	124 143 187 176
344	205 92 292 117
345	175 192 128
346	126 143 210 205
347	106 89 176 187
348	77 192
349	193 193 65 127 211
350	32 185
351	124 189 90 112
352	211 212 233 106 127
353	124 174
354	209 126 127
355	120 120
356	30 179 205 84
357	182 126 149 175 127
358	29 176 135
359	124 174 159
360	55 51 148
361	124 213 174
362	174 175 199 287
363	129 129 193 193 29
364	55 120 27 120 45
365	209 48 203 210
366	203 199 191 127 175
367	143 287 154 30
368	93 175 193 193 127
369	163 30 164 58
370	143 29 199 124 95
371	114 4 30 51
372	175 214 174 100
373	23 149 4
374	193 174 175 57 193
375	129 30 29 129
376	127 175 84 83
377	154 174 158 6 287
378	209 287 93
379	23 287 162 92
380	174 199 215
381	175 214 129 129 58
382	126 177 93 65
383	177 114 92 30
384	124 205 149 232
385	120 129 129 120 65 205
386	6 199 4
387	124 89 53 143
388	190 72 166 216 90
389	54 157 42 26
390	5 70
391	12 150 187
392	79
393	86
394	150
395	122 236 2 2
396	16 173 66
397	49 218
398	24 179 31 127
399	219
400	47 220 63
401	16 102 90 8
402	16 20 48
403	9 16 27 4
404	88 12 16 251
405	24 23 66
406	142 57 150 285
407	47 45 20
408	3 30 12
409	49 40 152 26
410	16
411	96 221 30 152
412	218 40
413	116 152 222 143
414	63 195 207 136
415	17 125
416	36 2 2 24
417	12 36 8
418	223 80 81 275
419	150
420	162 30
421	224 142 304 298
422	99
423	14 3
424	225 82 87 261
425	2 2 3 99 66
426	2 2 123 234
427	92 84 109 207
428	226 12 74
429	29 57
430	98 244 78
431	23 71 48
432	137 223
433	27 210 242 48
434	149 120 32 120 51
435	143 30 93
436	55 227 228
437	2 2 134
438	195 60
439	174 175 225 65
440	195 26
441	106 209 229 164
442	2 2 120 120 55
443	68 124 65
444	36 31 261
445	29 145 230 68 20
446	8 130
447	231 77 17 292 65
448	107 137 30
449	162 30 187 294
450	208 140 133
451	8 209 37
452	53 203 48
453	118 38 119 147
454	120 143 65 120 26
455	127 120 193 69 193 120
456	174 185 17 124
457	193 193 32
458	80
459	87
460	124 139
461	127
462	207 6 213
463	128 100
464	31
465	92
466	192
467	129 129 174 179 120 120
468	29 150 55 4
469	143 126
470	187
471	30 125 17 232
472	92 222 120 120
473	68 174 175 205
474	184 199 90 143
475	55 149 85 155
476	187 177
477	234 225 15
478	146 10
479	235 236
480	237 7 162
481	23 9 16
482	42
483	234 142 15 82
484	201 62
485	238 82
486	23 34
487	152 112 28
488	11 3 12
489	9 71 27 182
490	36 14
491	62
492	23 152
493	11 30
494	49
495	71 127 89
496	30 131 12
497	239 121 265
498	234 15 112 225
499	173 34 26 17
500	22 264
501	85 187 177
502	30 131 120 120
503	18
504	22 51 32 35
505	234 123 127
506	39 120 120
507	52 240 3 289
508	25 126
509	208 140 89 175
510	140 241 121
511	234 192 123
512	28 215 39 152
513	142 23 134
514	123 234 187
515	2 2 220 120 160 120
516	185
517	150 183
518	49 168 116 117
519	209 141 158
520	234 29
521	162 103 179
522	38 233 104
523	129 129 74 88 178
524	2 2
525	124 244 204
526	209 127 175 173
527	4 245 145 51
528	132 116
529	201 115
530	210 120 120 48 56
531	28 132 115 164
532	168 60 172
533	26 88 74
534	174 92 120 120 30
535	129 129 232 194 120 120
536	129 129 174 128 120 120
537	125 232 78 84
538	32 57
539	55
540	246 207
541	124 17 207
542	173 106
543	17
544	124 87
545	199 158 143 162
546	48
547	2 2 143 30 120 120
548	129 129 55 213 174
549	129 149 120 120 205 129
550	124 127 287
551	181
552	26 230 144
553	108 247 228
554	11 66 31
555	55 130 150
556	14
557	111 34 26
558	138
559	10 5 104 93
560	113 189 100 278
561	9 16 8
562	70 250
563	10 146
564	123 182 121
565	126 157 186
566	132 10
567	137 158 191 203
568	62
569	3 12 66 99
570	248 279
571	49 127
572	142 101 90 282
573	96 60 65
574	243 168 172 73
575	233 93 84 75
576	2 2 3 8
577	249 62
578	8 71
579	27
580	96
581	225 238 69 103
582	159 43
583	250 239 140
584	24 29 263 31
585	29 149 100
586	174
587	89 188 191 38
588	195 150 258 130
589	164 90 72 299
590	38 72
591	185
592	209 8 183 37 210
593	97 132
594	132
595	63
596	193 193 26 143 292 205
597	159 132 55 287
598	251 211 212 89
599	89 28
600	124 199 140 175
601	27 71 37 182
602	252 132 58 126
603	30 124 179
604	30 149 258 232
605	179 29 23 188
606	149 188
607	213 174
608	181 196 159
609	124 246
610	148
611	172 174 175 261
612	106 38 135 233
613	64 125 94 232
614	114 174 29 205
615	126 143 107
616	65 30 149 232
617	154 168
618	30 135 205 55
619	126 53 120 287 120
620	174 199 129 129 168
621	106
622	29
623	21 253 303
624	204 138 22 51
625	225 129 129 82
626	127
627	97 40
628	20 17 26 207 73
629	24 66
630	62 84
631	14 70
632	246
633	29 113 186 255 42
634	36 14 155
635	16
636	47 283 73
637	254 144 62
638	191 17
639	40 142 282 28
640	217 158 196
641	49 127 255
642	255 196 141 278 42
643	210 229 127
644	14 48 223 280
645	256
646	19 257 62
647	30 144 280 145
648	253
649	23 56
650	21 78
651	40 28
652	20 258
653	96 120 120 250 206
654	10 222 73
655	58 32 80 35
656	2 230 88 2
657	49 28 32
658	89 239 121 64
659	107 258 132 137
660	124 132
661	157 43 191 78
662	29 180 64
663	63 80 130 103
664	127
665	243 61 17
666	127 160
667	124 140 143 87
668	96 143 163
669	97 132
670	168 139 73 90
671	149 90 57 69
672	89 116 132 152
673	74 49 299
674	37 55
675	184
676	55 49 152
677	226 143 127 160
678	19 193 30 193
679	184 168 171 174
680	222 120 120 233 100
681	259 132
682	192 162 148
683	260
684	69 182
685	261
686	17 182 171 200 51
687	55 199 92
688	126 54 194
689	154 126 55 93
690	67 211 212 188
691	26 55 165
692	36 14 122 3
693	3 31 5
694	243 262 22 73
695	78 180 219
696	23 156 78 48
697	99 120 120 48
698	27
699	206 236
700	29 152 213 223
701	18 129 129 3 74
702	36 30 183 150
703	192 127 51 26
704	187
705	222 188 38
706	263 29 214 72
707	208 116 152
708	17 259
709	29 4 55 53
710	29 120 120 185 30
711	251
712	131 143 233 120 120
713	55 209 65
714	150 120 120 207
715	6 23 174 55
716	42 17 158
717	152 36 150 28
718	16 103 76
719	210 16
720	91 120 120 288
721	13 143 264 136
722	264 132 90 130
723	23 269 48
724	49
725	45 163 243
726	209
727	174 245 145 230
728	102
729	48
730	93 152 73
731	31 87 181
732	120 150 66 120
733	9 16 207
734	129 129 126 185 205
735	55 84
736	143 266 232 233
737	248
738	154 214 249
739	55 83 67 105
740	106 187 172 30
741	23 66 129 129
742	3
743	208 239 267
744	178 43 94 13
745	208 140 222
746	129 74 55 178 129
747	36 29 24 48
748	184 168 125 120 120
749	184
750	4 222
751	115 244
752	184 57 90
753	187 155
754	124
755	187 174 127
756	113 38 293 100 192
757	53 23 73 99
758	73 254
759	221 288
760	42 140 275 276
761	254
762	16 66 27
763	8 16
764	268 116 28
765	78 232 86
766	168 17 105
767	152 80
768	3 23 74 27
769	269 258
770	99
771	116 40 20 6
772	63 180 51
773	217 191
774	217 140 275 276
775	201
776	16 76
777	269 239
778	40 152
779	129 129 220 5 88
780	31 227 244 87
781	88 21 85
782	166
783	270 148
784	58 212 4
785	21 90
786	85 83 183
787	269 132
788	217
789	217 196
790	76 140 275 276
791	96 9 56
792	68 126 178
793	147 118 119
794	14 90
795	150 66
796	147 118 119
797	201 262 266
798	8 16 110
799	65
800	169 210 76
801	269 92 113 7
802	124 185 140
803	2 2 175 87 78
804	114 215 68 55
805	31
806	82 31
807	162 195 127
808	129 129 78 123
809	96 252 44
810	269 131
811	220 31 120 120
812	211 236 144
813	182 143 127 160
814	129 129 149 168 74
815	55 168 171
816	65 30 131 120 120 205
817	55 106
818	129 129 174 120 120
819	53 29 120 120 17
820	124 226 285
821	192
822	143
823	207
824	89 188
825	32
826	168
827	29 125
828	130 94 232 30
829	68 129 129 131 120 120
830	124 193 45 214 193
831	29 120 120
832	55 5 150 193 193
833	55 258 232 103
834	143 38 2 2
835	55 92 286 205
836	55 185
837	126
838	267
839	77
840	29
841	174
842	117 207
843	174
844	267
845	124
846	117
847	12 210
848	61 85 190
849	24 29 23 150
850	207 128 230 186
851	147 118 119 210
852	5 43
853	17 105
854	236 126
855	4 195 136 81
856	263 74 29
857	162 23 195
858	6 97 78
859	187 261 3
860	75 104
861	184 72 189 58
862	2 24 29 2
863	167 107 168 29
864	162 116 57 211
865	258
866	78 159 112
867	55 36 178 30
868	174
869	271 29 102 191
870	49 102 168
871	174 88 65 100
872	23 222 275
873	213
874	2 2 53
875	210
876	45
877	132 223
878	236
879	55 96 92
880	156 135 72
881	272 77 174 158
882	161 143 126
883	127 211 148 236
884	162 148
885	18 90 223 53
886	84 199 128
887	55 182 29 273 285
888	29
889	29
890	105 166 72 90
891	2 2 3 20
892	129 129 174 88 74
893	174 159
894	127 233
895	182
896	29
897	132
898	64 127 298
899	194
900	45 29
901	55 77 53 174
902	205 125 8
903	182 252 132 174
904	192 106 287
905	84 274 94 294
906	29
907	6
908	8 274
909	181 86 42
910	42 168 76
911	253
912	196 256
913	143
914	217
915	14 31
916	99 66 205 16
917	277 207
918	40 69 28
919	140 275 217 276 131
920	126
921	3 8 150
922	2 2 178 150 74
923	42 278 17
924	235 53 279
925	111 34 230
926	43
927	96 158 3 140
928	45 162 72 125
929	2 2 82 174 304
930	23 8 70
931	76
932	55 2 172 150 2
933	129 129 162 53 88
934	107 168 247
935	48
936	4 30 149 90
937	96 290
938	126 29 236
939	82
940	99
941	62
942	80
943	99 27
944	130 66
945	27
946	168
947	181
948	27 128
949	27 126
950	232
951	216
952	184 72
953	100 12 74
954	128 165
955	265 162
956	29 180
957	160 279
958	140 275 276 142
959	136 81 112 176
960	78 63 114 155
961	28 266 34
962	72 59 136 105
963	140 275 276 281
964	180 295 150 189
965	184 72 154
966	129 129 174
967	127 115
968	38 195 274 130
969	58 72 63 48
970	77 127
971	114 127 211 102
972	259 135 150
973	211 212 250 51
974	116 152 215 149 287
975	140 275 276
976	140 275 276 19
977	3
978	97 127 125 132
979	97 132 70
980	29
981	100
982	147 280
983	49
984	80 281
985	181 123 31
986	106 243 73
987	195 81 26 51
988	116 132 290
989	28 92
990	127 160 120 120
991	96
992	23 56 27 93 100
993	214 112 267
994	33
995	111 222
996	93
997	178 90
998	60
999	87 140 90
1000	181 231
1001	177 146
1002	68
1003	58 29
1004	251
1005	282 101 76
1006	32 29
1007	48 207
1008	29 210
1009	129 129 232 205
1010	4 176 205
1011	55 129 129 102 174
1012	124 6 127 175
1013	106 187 172 261
1014	127 65 199 209
1015	175 126 209 102
1016	129 129 120 120 93 92
1017	127 126 96 205
1018	142 29 120 120 169
1019	173 143
1020	65
1021	124
1022	5 33
1023	129 129 62
1024	27 150
1025	261 71 107
1026	24
1027	283 73
1028	93 117 16
1029	40 103
1030	70 217 196
1031	129 129 225 149 82
1032	14
1033	259
1034	187
1035	6 97 40 28
1036	155 5
1037	85 34
1038	48 27
1039	36 20 8
1040	12
1041	71
1042	225 3 69 174
1043	103 13
1044	129 129 30 230
1045	80 294
1046	195 166 258
1047	2 2 126 93 127
1048	84 195 136 179
1049	99 27
1050	5
1051	27 128
1052	49
1053	13
1054	275
1055	192 159
1056	39
1057	258
1058	243
1059	192
1060	103 27
1061	225 15 65
1062	92 152 28
1063	90
1064	13 52
1065	127
1066	103
1067	23
1068	40 137 28
1069	248
1070	8
1071	258 51
1072	265 175 95
1073	141 42 181
1074	225 261 82 284
1075	61 137 217
1076	100 267 113
1077	141 289 214 52
1078	19 162 179 204
1079	167 133 207 93
1080	66 17
1081	195 149 84
1082	225 82 204 93
1083	279 116 194 205 152
1084	28 241 98 65
1085	66 160 2 2 24
1086	33
1087	127 178 53
1088	126 57 154 191
1089	88 129 129 182 66
1090	29 189
1091	103 90
1092	129 31 17 129 181
1093	92 194 77 192
1094	49 58
1095	85 176 65 72
1096	36 68 155 48
1097	126
1098	120 120 13 102 139
1099	36 72 257 68
1100	90
1101	152 28
1102	97 132 101
1103	225 238 27
1104	29 103 80
1105	126
1106	49
1107	158 248
1108	132
1109	3
1110	51 52
1111	285 190
1112	201 159 23 76
1113	174 143 205
1114	41 222 88
1115	129 129 127 120 120 74
1116	166 127 152 90
1117	116 149 132 152 287
1118	34 90
1119	29
1120	184 88
1121	163 181 73 127
1122	135 143
1123	55
1124	193 193 57
1125	83 114 29 84
1126	174 192 128
1127	233
1128	18
1129	213
1130	140 275 276
1131	260
1132	233 253
1133	192
1134	61
1135	174
1136	286 112
1137	48 46
1138	131
1139	55 149 120 65 120
1140	172 164 41 30
1141	174 131 120 120 204
1142	23 124 55 48
1143	90 107
1144	79
1145	176 150 205 55
1146	90 53 292 232 205
1147	76 205
1148	4 84 149
1149	55 114 30 205
1150	120 120
1151	129 129 30 120 120 17
1152	232 207 205
1153	177 124 127 279
1154	187
1155	124
1156	29
1157	213 124
1158	187
1159	29
1160	29
1161	259
1162	19 4
1163	42
1164	14 57
1165	137 239
1166	49 218 292 17
1167	14 298
1168	256 156
1169	159 132 50
1170	14 62 123
1171	67
1172	184 16 96
1173	20 29
1174	124 208 140
1175	82 127 175
1176	20 207
1177	14
1178	227 29 183
1179	108 47 63
1180	51 150 5
1181	49 211 152 248
1182	111 105 90
1183	7 253 5
1184	16 27 59 191 242
1185	137 217
1186	126 130
1187	5 22
1188	99 27 16
1189	84 130 143
1190	182 268 304
1191	218 49
1192	90 216
1193	84 130
1194	282 13 50
1195	221 40 28
1196	121
1197	65
1198	10 161 79
1199	237 140
1200	49 218
1201	42 137 20 146 207
1202	168 235 236 248
1203	225 82 3 198
1204	97 31 221
1205	142 114 34 90
1206	49 206 113
1207	207 232 187
1208	192 65 148
1209	186
1210	33 61 32
1211	55 125 120 120
1212	65 210 48
1213	126 32 34 26 57
1214	77 13 260
1215	211 129 129 178 30
1216	147 118 119
1217	130 76 263
1218	159 203 139 141
1219	100 223 66 120 120
1220	173 73
1221	2 24 66 2 99
1222	27 232
1223	32
1224	48
1225	126 288
1226	246 270
1227	288
1228	70
1229	240 289
1230	31
1231	17 207
1232	107 20
1233	265
1234	49
1235	73
1236	90
1237	278 150 57
1238	2 99 12 66 2
1239	124 195 131
1240	123 267 20
1241	209 115 28
1242	106 228 222
1243	150 57 149 135
1244	288 137 92
1245	147 119 118
1246	96 126 57
1247	105 72 194
1248	9 210 152
1249	162 13 26 205 179
1250	14
1251	149 51 183
1252	168 127 51 106
1253	143 149 178
1254	176 46
1255	142 215 45
1256	43
1257	55 174
1258	51 27
1259	96 132 205 174
1260	3 24 150
1261	55 18 57
1262	5 90
1263	168 102 31 129 129
1264	2 175 2 135
1265	55 29 51 128
1266	36 129 129 88 4
1267	2 67 46 66 2
1268	72 5 102 48
1269	4 55 187
1270	19 70 33 297
1271	48 210 120 120 37
1272	48 37
1273	124 233 179
1274	55 129 129 143 205
1275	267 120 120 48
1276	97
1277	243 73 181
1278	260
1279	29
1280	248
1281	49 97
1282	97 132
1283	48 34
1284	3 179
1285	236
1286	70
1287	103
1288	141 70
1289	267 70
1290	66
1291	124 140
1292	158
1293	157 222 191 42
1294	72
1295	211 212 299
1296	213 90 78 249
1297	104 90 249
1298	124 96 54 112
1299	116 132 65 152
1300	267 33 120 120
1301	89 250 269 165
1302	116 49 182
1303	124 92
1304	129 129 195 130
1305	3
1306	209 23 173
1307	126 29 120 120 188
1308	193 193 29 65 205
1309	83 38 102 128
1310	190 120 135 120
1311	55 5 199 107
1312	92 23 46 55
1313	6 127
1314	65 120 120 188
1315	267 70
1316	88 230
1317	97 6
1318	23
1319	29
1320	18
1321	213 207
1322	23 303
1323	153
1324	106
1325	6 148 232
1326	127
1327	127 148
1328	154
1329	139 93
1330	127
1331	285 143 193 193
1332	174 4 102
1333	129 129 168 102 233
1334	181 4 55
1335	205 53 127 129 129
1336	193 193 174 175
1337	48
1338	100 4 191
1339	55 174 23 205
1340	150 55 129 129 177
1341	181 4
1342	129 127 149 173 129
1343	55 18 114
1344	87 231 176 205
1345	61 4 60
1346	168 120 120
1347	126
1348	55 252 187 127
1349	126 53 127 159
1350	55 188
1351	143
1352	187
1353	181
1354	117 89
1355	53
1356	36
1357	267 143
1358	168
1359	18 280
1360	7 217 150
1361	258
1362	192
1363	283
1364	201 229
1365	31
1366	286
1367	218 230 62
1368	48 213
1369	253
1370	210
1371	48 73
1372	120 157 96 120
1373	10 76 53
1374	45
1375	279 28
1376	173
1377	111
1378	20
1379	20 183
1380	27 304
1381	219
1382	23 16 280
1383	48
1384	27
1385	217 51 158
1386	124
1387	80
1388	54 48
1389	236
1390	236
1391	132
1392	132
1393	236
1394	99 301 126
1395	69 181
1396	166 78
1397	128
1398	203
1399	58 49 103
1400	103 124
1401	48 61
1402	209
1403	29
1404	261
1405	21 150
1406	62
1407	124 31
1408	288 20
1409	129 129 78 112 232
1410	174
1411	168
1412	96 204
1413	76 34
1414	291
1415	225 15 234
1416	187
1417	46
1418	143 245 144 114
1419	150
1420	80 183
1421	179 90
1422	159 112
1423	207
1424	127
1425	112
1426	236
1427	203
1428	140 244 126
1429	65
1430	255
1431	30 90 65
1432	156 105 103 4
1433	51
1434	51 48 210
1435	124 95 205
1436	292 143 176 46 182
1437	136 291
1438	187 174
1439	292 258 195 264
1440	16 51
1441	10 76 271
1442	5 191
1443	253 191
1444	116 40
1445	44 250 52
1446	90 92
1447	49 218 17
1448	8
1449	73 243
1450	80 182 112
1451	21
1452	272 89 241
1453	143 64 279 258
1454	182 217 29
1455	255
1456	93
1457	210 8 130 5
1458	76
1459	265 121 52 78
1460	21 12 30 29
1461	65 210 37
1462	263 142 76
1463	223 76
1464	133 57 73
1465	130 71 48 27
1466	60
1467	182 296 242
1468	258
1469	183
1470	10 104
1471	186 141 66 29
1472	88 150 3 106
1473	70
1474	59 129 129 223 120 120
1475	258 23 9 53
1476	106 107 227 225
1477	58 61
1478	33
1479	57
1480	149 129 129 182
1481	124
1482	90 43
1483	160 148
1484	130 48
1485	129 129 30 120 120 102
1486	210 103 48
1487	151 229
1488	78 130 128
1489	176 263 194 35
1490	49
1491	92
1492	132
1493	150
1494	88 149 129 129 187
1495	6 159 127 65
1496	129 69 129
1497	129 65 88 129 166
1498	187 178 287 205
1499	183 2 2
1500	214
1501	143 60
1502	285
1503	83 178
1504	182
1505	207 6
1506	61
1507	159
1508	144 111
1509	114
1510	100 277
1511	127
1512	159 60
1513	103
1514	129 129 124 120 120 150
1515	188 174
1516	143 207 174 205
1517	181 150 149
1518	51 275
1519	143 158 90
1520	58 55 177
1521	204
1522	127 178
1523	187 174 65 76
1524	231 181 90 102
1525	149 94 29
1526	93 114 164
1527	199 206
1528	160 279 115 152
1529	124 210 94 126
1530	174 129 129 120 120 205
1531	106
1532	124 127
1533	210
1534	279 28
1535	168 102
1536	282
1537	30
1538	8 16 94
1539	93
1540	78
1541	10 258 90
1542	290
1543	213 191
1544	127
1545	96
1546	11 210 76
1547	129 129 77
1548	113
1549	77 97 137
1550	207
1551	96 174
1552	129 129 74
1553	169 55
1554	90
1555	225 13
1556	207
1557	272 132
1558	222
1559	260
1560	17 27
1561	38 166
1562	209
1563	96 20
1564	231
1565	124
1566	8
1567	199
1568	64 130 81
1569	14
1570	207 17
1571	217
1572	302 217 191
1573	78 223 157 253
1574	23 90
1575	135
1576	67 290
1577	163 65 189 191
1578	249 120 120
1579	17
1580	98
1581	126
1582	244 3 126
1583	58 59 78
1584	158 191 178 292
1585	65
1586	13 30 35 127
1587	51 165
1588	88
1589	303
1590	223
1591	115 28 90
1592	6 114 132
1593	61 166
1594	126
1595	90
1596	13
1597	223
1598	279
1599	192
1600	168
1601	174
1602	6 159 131 205
1603	279 115 152 135
1604	96
1605	84
1606	64
1607	69 90 72
1608	80
1609	259
1610	48
1611	293
1612	150
1613	127 99 51 2 2
1614	205 290
1615	111
1616	205
1617	63
1618	26
1619	182
1620	174
1621	55 60
1622	237 127
1623	10 146
1624	113
1625	2 2
1626	142
1627	208 140 126
1628	124 213
1629	267 46 112 76
1630	94 294
1631	192
1632	113
1633	58
1634	181
1635	124
1636	20
1637	6
1638	140 170
1639	50 146
1640	131
1641	223 80 103
1642	27
1643	29
1644	27
1645	126
1646	143 299
1647	182
1648	187
1649	227 100 23
1650	207
1651	6 42 23
1652	93
1653	249
1654	27
1655	127
1656	113
1657	112
1658	244 214 94
1659	19
1660	33
1661	282
1662	27
1663	131
1664	260
1665	93
1666	260
1667	229
1668	217 90 159
1669	73
1670	217
1671	222
1672	52 289 217
1673	8
1674	213
1675	28
1676	3
1677	63 53 130
1678	89
1679	235
1680	85
1681	49
1682	213 43
1683	214
1684	9
1685	306
1686	60
1687	39
1688	27
1689	248
1690	248
1691	3
1692	103
1693	90
1694	168 283 172
1695	42
1696	182
1697	125
1698	20
1699	107
1700	289
1701	33
1702	187
